ZG.1	ZG.10	ZG.11	ZG.12	ZG.13	ZG.14	ZG.15	ZG.16	ZG.17	ZG.18	ZG.19	ZG.2	ZG.20	ZG.21	ZG.22	ZG.23	ZG.24	ZG.25	ZG.26	ZG.27	ZG.28	ZG.29	ZG.3	ZG.30	ZG.31	ZG.32	ZG.35	ZG.36	ZG.37	ZG.38	ZG.39	ZG.4	ZG.40	ZG.41	ZG.42	ZG.43	ZG.44	ZG.45	ZG.46	ZG.47	ZG.48	ZG.49	ZG.5	ZG.50	ZG.51	ZG.52	ZG.6	ZG.7	ZG.8	ZG.9	zymo_pos_ct
D_0__Bacteria;D_1__Proteobacteria;D_2__Alphaproteobacteria;D_3__Rickettsiales	0	0	0	0	-0.00277777777777778	0	-0.0133630289532294	0	-0.00529100529100529	-0.00282087447108604	0.0571973307912297	0	-0.00854700854700855	-0.00307929176289453	-0.00403225806451613	-0.00888888888888889	-0.0181818181818182	0	0	-0.00334728033472803	-0.000330906684315023	-0.00404858299595142	0	-0.000938967136150235	-0.00189753320683112	-0.00900900900900901	0	0	0	0	0	0	0	0	0	0	0	0	0	0.00157977883096367	0	0	0.00248756218905473	0	0.0025706940874036	0	-0.00249376558603491	-0.0120240480961924	-0.00574712643678161	0	0
D_0__Bacteria;D_1__Proteobacteria;D_2__Alphaproteobacteria;D_3__Acetobacterales	0.00459136822773186	0	0	0.0441400304414003	0	0	0	0	0	0	0	0.00287081339712919	0	0	0	0	0	0	0	0	0.00463269358041032	0	0	0	0	0	0	0	0	0	0.04292343387471	0	0	0.0341753343239227	0	0	0.575510204081633	0	0.0403071017274472	0.0347551342812006	0.0374531835205993	0.808293269230769	0	0.989053444945267	0	0.0214822771213749	0	0	0	0	0
D_0__Bacteria;D_1__Proteobacteria;D_2__Gammaproteobacteria;D_3__Enterobacteriales	0.0101010101010101	0	0	0.343987823439878	0.0986111111111111	0.926	0.138084632516704	0.227099236641221	0	0.404795486600846	0.113441372735939	0.0215311004784689	0.418803418803419	0	0	0.106666666666667	0	0.132911392405063	0	0	0.0258107213765718	0.0186234817813765	0.0609756097560976	0	0.250474383301708	0.0720720720720721	0.56663644605621	0.994334277620397	0.553956834532374	0.753759398496241	0.149651972157773	0	0.822006472491909	0.323922734026746	0.538681948424069	0.892332789559543	0.341496598639456	1	0.955854126679463	0.92259083728278	0.922596754057428	0.0637019230769231	0	0	0	0.0166487647690655	0.0586034912718204	0.180360721442886	0.172413793103448	0	0.228571428571429
D_0__Bacteria;D_1__Firmicutes;D_2__Bacilli;D_3__Bacillales	0	0	0	0.368340943683409	0	0	0	0	0	0	0	0.0291866028708134	0	0	0	0	0	0	0	0	0	0	0.152439024390244	0	0	0	0.416137805983681	0	0.379856115107914	0.180451127819549	0.566125290023202	0	0.0647249190938511	0.407132243684993	0.107449856733524	0.0391517128874388	0	0	0	0	0	0	0	0	0.169665809768638	0.075187969924812	0	0	0	0	0.412698412698413
D_0__Bacteria;D_1__Actinobacteria;D_2__Actinobacteria;D_3__Micrococcales	0.192378328741965	0.00869061413673233	0.037914691943128	0.0380517503805175	0.0805555555555556	0	0	0.0438931297709924	0.114638447971781	0	0	0.0239234449760766	0	0.0739030023094688	0.133064516129032	0	0	0	0.0831509846827133	0.0694560669456067	0.0231634679020516	0.0688259109311741	0.0152439024390244	0	0.0360531309297913	0.0585585585585586	0	0	0	0	0	0.0327510917030568	0.0258899676375405	0	0.157593123209169	0.0473083197389886	0.0829931972789116	0	0	0	0	0.0132211538461538	0.114427860696517	0	0	0	0	0.0360721442885772	0	0	0
D_0__Bacteria;D_1__Proteobacteria;D_2__Alphaproteobacteria;D_3__Rhizobiales	0.196510560146924	0.052143684820394	0.124407582938389	0	0.204166666666667	0	0	0.124045801526718	0.141093474426808	0	0	0.173684210526316	0.136752136752137	0.221709006928406	0	0	0	0	0.12983223924143	0.0644351464435146	0.194904037061549	0.0331983805668016	0	0.0990610328638498	0	0.100600600600601	0	0	0	0	0	0	0	0	0	0	0	0	0	0	0.0237203495630462	0	0	0	0.19280205655527	0.079484425349087	0.0548628428927681	0	0	0	0
D_0__Bacteria;D_1__Chloroflexi;D_2__KD4-96;__	0	0	0	0.0091324200913242	0	0	0	0	0	0	0	0.000956937799043062	0	0	0	0	0	0	0.037928519328957	0	0.0172071475843812	0.00809716599190283	0	0.0666666666666667	0	0	0	0	0	0	0.00928074245939675	0	0	0	0	0	0	0	0	0	0	0.0138221153846154	0	0	0	0	0	0	0	0	0
D_0__Bacteria;D_1__Proteobacteria;D_2__Gammaproteobacteria;D_3__Pseudomonadales	0.066574839302112	0	0.0414691943127962	0	0.0486111111111111	0.029	0	0.0553435114503817	0	0	0.117254528122021	0	0	0	0	0	0	0	0.101385849744712	0.0292887029288703	0	0	0	0	0.108159392789374	0.0600600600600601	0.0126926563916591	0	0.0302158273381295	0	0.149651972157773	0	0.0776699029126214	0.176820208023774	0.0429799426934097	0.0179445350734095	0	0	0	0	0	0	0	0	0	0	0	0.0400801603206413	0	0.23859649122807	0.0952380952380952
D_0__Bacteria;D_1__Chloroflexi;D_2__KD4-96;D_3__metagenome	0	0.0208574739281576	0	0	0	0	0	0	0	0	0	0.0593301435406699	0	0	0	0	0	0	0	0	0	0	0	0	0	0	0	0	0	0	0	0	0	0	0	0	0	0	0	0	0	0	0	0	0	0.0306122448979592	0	0.00400801603206413	0	0	0
D_0__Bacteria;D_1__Firmicutes;D_2__Erysipelotrichia;D_3__Erysipelotrichales	0	0	0.0319905213270142	0	0	0	0.066815144766147	0.114503816793893	0	0	0	0	0	0	0.141129032258065	0	0.0818181818181818	0.118143459915612	0.0335521517140773	0.0368200836820084	0	0	0.0990853658536585	0.000938967136150235	0.106261859582543	0.0630630630630631	0	0	0	0	0	0	0	0	0	0	0	0	0	0	0	0	0.151741293532338	0	0	0	0	0.094188376753507	0	0	0
D_0__Bacteria;D_1__Firmicutes;D_2__Clostridia;D_3__Clostridiales	0	0	0	0.0639269406392694	0	0	0	0.326335877862595	0	0	0.0648236415633937	0.00382775119617225	0	0.077752117013087	0	0	0	0.175105485232068	0.141502552881109	0.17907949790795	0	0.0817813765182186	0.0884146341463415	0.00422535211267606	0.121442125237192	0	0	0	0	0	0.0823665893271462	0	0	0.0475482912332838	0	0	0	0	0	0	0	0	0	0	0.0471293916023993	0.0128893662728249	0	0.13627254509018	0.0977011494252874	0	0
D_0__Bacteria;D_1__Proteobacteria;D_2__Gammaproteobacteria;D_3__CCD24	0	0	0	0	0	0	0	0	0	0	0.00857959961868446	0.0330143540669856	0	0	0.157258064516129	0	0	0	0	0.00167364016736402	0.0327597617471873	0	0	0.0483568075117371	0	0	0	0	0	0	0	0	0	0	0	0	0	0	0	0	0	0	0	0	0	0.0408163265306122	0	0	0	0	0
D_0__Bacteria;D_1__Actinobacteria;D_2__Thermoleophilia;D_3__Solirubrobacterales	0	0	0	0.0258751902587519	0	0	0	0	0	0	0	0.00956937799043062	0	0	0	0.164444444444444	0	0	0	0	0.0512905360688286	0.0279352226720648	0	0.100469483568075	0	0	0	0	0	0	0	0	0	0	0	0	0	0	0	0	0	0.0174278846153846	0	0	0	0.0370569280343716	0.0236907730673317	0	0.0574712643678161	0	0.0111111111111111
D_0__Bacteria;D_1__Acidobacteria;D_2__Subgroup 6;__	0	0.117033603707995	0	0.0106544901065449	0	0	0	0	0	0	0	0.0990430622009569	0	0.0477290223248653	0	0.182222222222222	0	0	0	0	0.0830575777630708	0.0437246963562753	0	0.132394366197183	0	0	0	0	0	0	0	0	0	0	0	0	0	0	0	0	0	0.0210336538461538	0	0	0	0.064983888292159	0.0586034912718204	0.0781563126252505	0.120689655172414	0.280701754385965	0
D_0__Bacteria;D_1__Proteobacteria;D_2__Alphaproteobacteria;D_3__Sphingomonadales	0.296602387511478	0	0	0.0228310502283105	0.0888888888888889	0	0	0	0	0.078984485190409	0	0.0148325358851675	0	0	0	0	0.363636363636364	0	0.0291757840991977	0	0.0102581072137657	0.0161943319838057	0.0609756097560976	0	0.111954459203036	0	0	0	0	0	0	0	0	0	0	0	0	0	0	0	0.00873907615480649	0.00901442307692308	0	0.0077269800386349	0	0	0.071072319201995	0.0761523046092184	0.100574712643678	0.242105263157895	0
D_0__Bacteria;D_1__Acidobacteria;D_2__Subgroup 5;__	0	0.0133256083429896	0	0	0	0	0.211581291759465	0	0	0	0	0.00717703349282297	0	0	0	0	0	0	0	0	0	0	0	0	0	0	0	0	0	0	0	0	0	0	0	0	0	0	0	0	0	0	0	0	0	0	0	0	0	0	0
D_0__Bacteria;D_1__Proteobacteria;D_2__Gammaproteobacteria;D_3__Betaproteobacteriales	0.160238751147842	0.137891077636153	0	0	0	0	0.187082405345212	0	0.104056437389771	0	0.0962821734985701	0.0444976076555024	0	0.0277136258660508	0.221774193548387	0	0	0.229957805907173	0	0.0317991631799163	0.0086035737921906	0.0554655870445344	0.0472560975609756	0.0286384976525822	0	0	0	0	0	0	0	0.15938864628821	0	0	0	0	0	0	0	0	0	0	0.288557213930348	0	0.038560411311054	0.0816326530612245	0.114713216957606	0	0	0	0
D_0__Bacteria;D_1__Actinobacteria;D_2__Thermoleophilia;D_3__Gaiellales	0	0	0	0.0045662100456621	0	0	0	0	0	0	0	0.0555023923444976	0	0.092378752886836	0	0	0	0	0	0	0.0820648577101257	0	0	0.0582159624413146	0	0.045045045045045	0	0	0	0	0	0	0	0	0	0	0	0	0	0.0157977883096366	0	0	0	0	0	0.0311493018259936	0	0	0	0	0
D_0__Bacteria;D_1__Proteobacteria;D_2__Gammaproteobacteria;D_3__Gammaproteobacteria Incertae Sedis	0	0	0	0.0030441400304414	0	0	0	0	0	0	0.0467111534795043	0	0	0	0	0	0	0	0	0	0.0271343481138319	0	0	0.0211267605633803	0	0.057057057057057	0	0	0	0	0	0	0	0	0	0	0	0	0	0	0	0.00540865384615385	0	0	0	0	0	0	0	0	0
D_0__Bacteria;D_1__Actinobacteria;D_2__Actinobacteria;D_3__Corynebacteriales	0	0	0.028436018957346	0	0	0	0	0	0	0	0.0600571973307912	0	0.0662393162393162	0	0	0	0	0.0527426160337553	0	0.0267782426778243	0.00397088021178028	0.0352226720647773	0.0777439024390244	0	0	0	0	0	0	0	0	0	0	0	0	0	0	0	0	0.00947867298578199	0	0	0	0	0	0	0.0511221945137157	0	0	0	0
D_0__Bacteria;D_1__Acidobacteria;D_2__Acidobacteriia;D_3__Solibacterales	0.000918273645546373	0.0179606025492468	0	0	0	0	0	0	0	0	0	0	0	0	0	0	0	0	0	0	0.0099272005294507	0.0392712550607287	0.00457317073170732	0	0	0	0	0	0	0	0	0	0	0	0	0	0	0	0	0	0	0.00120192307692308	0.0970149253731343	0.00193174500965873	0	0	0	0	0	0	0
D_0__Bacteria;D_1__Patescibacteria;D_2__Saccharimonadia;D_3__Saccharimonadales	0	0	0.0734597156398104	0.0060882800608828	0	0	0	0.00381679389312977	0	0	0	0.00382775119617225	0	0	0	0	0.0545454545454545	0	0.0452224653537564	0.0652719665271966	0	0.0101214574898785	0	0	0	0	0	0	0	0	0	0.00436681222707424	0	0	0	0	0	0	0	0	0	0	0	0	0	0	0.0685785536159601	0	0.0775862068965517	0	0
D_0__Bacteria;D_1__Firmicutes;D_2__Bacilli;D_3__Lactobacillales	0	0	0	0.0289193302891933	0	0.021	0	0.0400763358778626	0	0.0832157968970381	0	0	0.126068376068376	0	0	0	0	0	0	0.130543933054393	0	0	0	0	0	0	0	0.0056657223796034	0.0244604316546763	0.0657894736842105	0	0	0	0	0.153295128939828	0	0	0	0	0	0	0.00661057692307692	0	0	0	0	0	0.0420841683366733	0	0	0.242857142857143
D_0__Bacteria;D_1__Actinobacteria;D_2__Acidimicrobiia;D_3__Microtrichales	0	0	0.0497630331753555	0	0	0	0	0	0	0	0.0305052430886559	0.0138755980861244	0	0.0277136258660508	0	0	0	0	0	0	0.0360688285903375	0.0186234817813765	0	0.0422535211267606	0	0	0	0	0	0	0	0	0	0	0	0	0	0	0	0	0	0	0	0	0.0308483290488432	0	0	0	0	0	0
D_0__Bacteria;D_1__Gemmatimonadetes;D_2__Longimicrobia;D_3__Longimicrobiales	0	0	0	0	0	0	0	0	0	0	0.0676835081029552	0	0	0	0	0	0	0	0.024799416484318	0	0	0	0	0	0	0	0	0	0	0	0	0	0	0	0	0	0	0	0	0	0	0	0	0	0	0	0	0	0	0	0.00317460317460317
D_0__Bacteria;D_1__Rokubacteria;D_2__NC10;D_3__Rokubacteriales	0	0	0	0	0	0	0	0	0	0	0	0.0148325358851675	0	0.0246343341031563	0	0	0.154545454545455	0	0	0	0.0188616810059563	0.0101214574898785	0	0.0295774647887324	0	0	0	0	0	0	0	0	0	0	0	0	0	0	0	0	0	0	0	0	0	0	0	0	0	0	0
D_0__Bacteria;D_1__Chloroflexi;D_2__Chloroflexia;D_3__Thermomicrobiales	0	0	0	0	0.00833333333333333	0	0	0	0	0	0.0667302192564347	0	0.0341880341880342	0.0215550423402617	0	0	0	0	0	0	0.00727994705493051	0.0376518218623482	0	0.00140845070422535	0	0	0	0	0	0	0	0	0	0	0	0	0	0	0	0	0	0	0	0	0	0	0	0	0	0	0
D_0__Bacteria;D_1__Actinobacteria;D_2__Actinobacteria;D_3__Propionibacteriales	0	0	0	0	0	0	0	0	0	0	0	0.0411483253588517	0	0	0	0	0	0	0.0452224653537564	0	0	0	0.0777439024390244	0	0	0	0	0	0	0	0	0.124454148471616	0	0	0	0	0	0	0	0	0	0	0	0	0.0539845758354756	0	0.108478802992519	0	0	0	0
D_0__Bacteria;D_1__Chloroflexi;D_2__Ktedonobacteria;D_3__Ktedonobacterales	0	0	0	0	0	0	0	0	0	0	0	0	0	0	0	0	0	0	0	0.0577405857740586	0	0	0	0.00422535211267606	0	0	0	0	0	0	0	0	0	0	0	0	0	0	0	0	0	0	0	0	0	0	0	0	0	0	0
D_0__Bacteria;D_1__Actinobacteria;D_2__Acidimicrobiia;D_3__IMCC26256	0	0	0	0	0	0	0	0	0	0	0	0	0	0	0	0	0	0	0	0	0	0	0	0	0	0	0	0	0	0	0	0.150655021834061	0	0	0	0	0	0	0	0	0	0.00721153846153846	0	0	0	0	0	0	0	0	0
D_0__Bacteria;D_1__Elusimicrobia;D_2__Elusimicrobia;D_3__Lineage IV	0	0	0	0	0	0	0	0	0	0.0141043723554302	0	0	0	0.0531177829099307	0	0	0	0	0	0	0	0	0	0	0	0	0	0	0	0	0	0	0	0	0	0	0	0	0	0	0	0	0.082089552238806	0	0	0	0	0	0	0	0
D_0__Bacteria;D_1__Acidobacteria;D_2__Subgroup 6;D_3__uncultured Acidobacteriaceae bacterium	0	0	0	0	0	0	0	0	0	0	0	0	0	0	0	0	0	0	0	0	0.0228325612177366	0	0	0	0	0	0	0	0	0	0	0	0	0	0	0	0	0	0	0	0	0	0	0	0	0	0	0	0	0	0
D_0__Bacteria;D_1__Proteobacteria;D_2__Deltaproteobacteria;D_3__Myxococcales	0	0.0469293163383546	0.0604265402843602	0	0	0	0.142538975501114	0.0648854961832061	0.107583774250441	0.101551480959097	0.0152526215443279	0.0421052631578947	0.0277777777777778	0.0538876058506544	0	0	0	0.0949367088607595	0	0.00753138075313808	0.0436796823295831	0.051417004048583	0	0.0234741784037559	0	0.0255255255255255	0	0	0	0	0	0	0	0	0	0	0	0	0.00383877159309021	0	0	0.0078125	0	0	0.0694087403598972	0	0	0	0	0	0
D_0__Bacteria;D_1__Bacteroidetes;D_2__Bacteroidia;D_3__Flavobacteriales	0.00734618916437098	0	0	0	0	0	0	0	0	0	0	0.00574162679425837	0	0	0	0.257777777777778	0	0	0.075127644055434	0.17907949790795	0	0	0	0	0	0	0	0	0	0	0	0	0	0	0	0	0	0	0	0	0	0	0	0	0	0	0	0	0	0	0
D_0__Bacteria;D_1__Actinobacteria;D_2__Acidimicrobiia;D_3__Actinomarinales	0	0	0	0.0030441400304414	0	0	0	0	0	0	0	0.0105263157894737	0	0	0	0	0	0	0	0	0	0	0.0807926829268293	0	0	0	0	0	0	0	0	0	0	0	0	0	0	0	0	0	0	0	0	0	0	0.0359828141783029	0	0	0	0	0
D_0__Bacteria;D_1__Planctomycetes;D_2__Planctomycetacia;D_3__Gemmatales	0	0	0	0	0.0972222222222222	0	0	0	0	0.0310296191819464	0	0	0	0.0523479599692071	0	0	0	0	0	0	0	0.065587044534413	0	0.00469483568075117	0	0.0375375375375375	0	0	0	0	0	0	0	0	0	0	0	0	0	0	0	0	0	0	0.0822622107969152	0	0	0	0.0517241379310345	0	0
D_0__Bacteria;D_1__Chloroflexi;D_2__JG30-KF-CM66;D_3__uncultured bacterium	0	0	0	0	0	0	0	0	0	0	0	0	0	0	0	0	0	0	0	0	0.00264725347452019	0	0	0	0	0	0	0	0	0	0	0	0	0	0	0	0	0	0	0	0	0	0	0	0.0556983718937446	0	0	0	0	0	0
D_0__Bacteria;D_1__Acidobacteria;D_2__Blastocatellia (Subgroup 4);D_3__11-24	0	0	0	0	0	0	0	0	0	0	0	0	0	0	0	0	0	0	0	0	0.0158835208471211	0.0246963562753036	0	0.0234741784037559	0	0	0	0	0	0	0	0	0	0	0	0	0	0	0	0	0	0	0	0	0	0	0	0	0	0	0
D_0__Bacteria;D_1__Proteobacteria;D_2__Alphaproteobacteria;D_3__Reyranellales	0	0.0144843568945539	0	0.0045662100456621	0	0	0	0	0	0	0	0	0.0448717948717949	0	0	0	0	0.0548523206751055	0	0	0	0	0	0.00234741784037559	0.062618595825427	0.0945945945945946	0	0	0	0	0	0	0	0	0	0	0	0	0	0	0	0	0	0	0	0	0	0	0	0	0
D_0__Bacteria;D_1__Bacteroidetes;D_2__Bacteroidia;D_3__Sphingobacteriales	0.0211202938475666	0	0	0	0	0	0	0	0	0	0	0	0	0	0	0	0	0	0.0102115244347192	0	0.000661813368630046	0	0	0	0	0	0	0	0	0	0	0	0	0	0	0	0	0	0	0	0	0.00120192307692308	0	0	0.0539845758354756	0	0	0	0	0	0
D_0__Bacteria;D_1__Proteobacteria;D_2__Gammaproteobacteria;D_3__Xanthomonadales	0.0224977043158861	0.0660486674391657	0	0.0045662100456621	0	0	0	0	0	0.0183356840620592	0	0.00382775119617225	0	0.0538876058506544	0	0.102222222222222	0	0	0	0	0	0.0433198380566802	0	0.00704225352112676	0	0	0	0	0	0	0	0	0	0.0104011887072808	0	0	0	0	0	0	0	0.00120192307692308	0	0	0	0	0	0	0.0603448275862069	0	0
D_0__Bacteria;D_1__Chloroflexi;D_2__Anaerolineae;D_3__Anaerolineales	0	0	0	0	0	0	0	0	0	0	0	0.00334928229665072	0	0	0	0	0	0	0	0	0	0	0	0	0	0	0	0	0	0	0	0	0	0	0	0	0	0	0	0.00315955766192733	0	0	0.154228855721393	0	0	0	0	0	0	0	0
D_0__Bacteria;D_1__Elusimicrobia;D_2__Lineage IIb;D_3__uncultured bacterium	0	0	0	0	0	0	0	0	0.107583774250441	0	0	0	0	0	0	0	0	0	0	0	0	0	0	0	0	0	0	0	0	0	0	0	0	0	0	0	0	0	0	0	0	0	0	0	0	0	0	0	0	0	0
D_0__Bacteria;D_1__Proteobacteria;D_2__Gammaproteobacteria;D_3__Aeromonadales	0	0	0	0	0	0	0	0	0.107583774250441	0	0	0	0	0	0	0	0	0	0	0.0292887029288703	0	0	0	0	0	0	0	0	0	0	0	0	0	0	0	0	0	0	0	0	0	0	0	0	0	0	0	0	0	0	0
D_0__Bacteria;D_1__Acidobacteria;D_2__Thermoanaerobaculia;D_3__Thermoanaerobaculales	0	0	0	0	0	0	0	0	0	0	0	0.00861244019138756	0	0.040030792917629	0	0	0	0	0	0	0.00397088021178028	0.0226720647773279	0	0.00563380281690141	0	0	0	0	0	0	0	0.133187772925764	0	0	0	0	0	0	0	0	0	0	0	0	0	0	0.0187032418952618	0.00601202404809619	0	0	0
D_0__Bacteria;D_1__Planctomycetes;D_2__Phycisphaerae;D_3__Tepidisphaerales	0	0	0	0	0	0	0	0	0.105820105820106	0	0	0.0105263157894737	0	0	0	0	0	0	0	0	0.0043017868960953	0	0	0.00140845070422535	0	0	0	0	0	0	0	0	0	0	0	0	0	0	0	0	0	0.00180288461538462	0	0	0.0419880034275921	0	0.0286783042394015	0	0	0	0
D_0__Bacteria;D_1__Chloroflexi;D_2__Chloroflexia;D_3__Chloroflexales	0	0	0.0201421800947867	0	0	0	0	0	0	0	0	0	0	0	0	0	0	0	0	0	0.00397088021178028	0.0242914979757085	0	0	0	0	0	0	0.00287769784172662	0	0	0	0	0	0	0	0	0	0	0	0.00249687890137328	0	0	0	0	0	0	0	0	0	0
D_0__Bacteria;D_1__Planctomycetes;D_2__Planctomycetacia;D_3__Pirellulales	0	0	0	0	0	0	0	0	0	0	0	0.00861244019138756	0	0.0192455735180908	0	0	0	0	0	0	0.00926538716082065	0	0.0609756097560976	0.0164319248826291	0	0	0	0	0.00287769784172662	0	0	0	0	0	0	0	0	0	0	0	0.00249687890137328	0	0	0	0.0265638389031705	0.0316863587540279	0.0735660847880299	0	0	0	0
D_0__Bacteria;D_1__Acidobacteria;D_2__Blastocatellia (Subgroup 4);D_3__Blastocatellales	0	0	0.0177725118483412	0	0.0625	0	0	0	0	0	0	0.00239234449760766	0	0	0	0	0	0	0	0	0	0	0	0.00704225352112676	0	0	0	0	0	0	0	0	0	0	0	0	0	0	0	0	0	0	0	0	0	0	0	0	0.172413793103448	0	0
D_0__Bacteria;D_1__Acidobacteria;D_2__Subgroup 6;D_3__uncultured Acidobacteria bacterium	0	0	0	0	0.0805555555555556	0.009	0	0	0	0	0	0	0	0	0	0	0	0	0	0	0	0	0	0	0	0	0	0	0	0	0	0	0	0	0	0	0	0	0	0	0	0	0	0	0	0	0	0	0	0	0
D_0__Bacteria;D_1__Acidobacteria;D_2__Subgroup 6;D_3__uncultured bacterium	0	0.00984936268829664	0.0130331753554502	0	0	0	0	0	0	0	0	0	0	0	0	0	0	0	0	0	0	0.0234817813765182	0	0	0	0	0	0	0	0	0	0	0	0	0	0	0	0	0	0	0	0	0	0	0	0	0	0	0	0	0
D_0__Bacteria;D_1__Bacteroidetes;D_2__Bacteroidia;D_3__Chitinophagales	0	0	0	0	0	0.01	0	0	0	0.0902679830747532	0.0495710200190658	0.0100478468899522	0	0	0	0	0	0	0.0583515681983953	0	0	0.0315789473684211	0	0	0.0872865275142315	0	0	0	0	0	0	0	0	0	0	0	0	0	0	0	0	0	0	0	0.0411311053984576	0	0	0	0	0	0
D_0__Bacteria;D_1__Chloroflexi;D_2__KD4-96;D_3__uncultured bacterium	0	0.0289687137891078	0	0	0.0111111111111111	0	0	0	0	0	0	0.0110047846889952	0	0	0	0	0	0	0	0	0.00496360026472535	0	0	0.0267605633802817	0	0	0	0	0	0	0	0	0	0	0	0	0	0	0	0	0	0	0	0	0	0	0	0	0	0	0.00317460317460317
D_0__Bacteria;D_1__Actinobacteria;D_2__Actinobacteria;D_3__Frankiales	0	0.00869061413673233	0	0	0	0	0	0	0	0	0	0	0.0747863247863248	0	0	0	0	0	0	0	0	0	0	0.00610328638497653	0.0645161290322581	0	0	0	0	0	0	0	0	0	0	0	0	0	0	0	0	0	0	0	0	0	0	0	0	0	0
D_0__Bacteria;D_1__Actinobacteria;D_2__Actinobacteria;D_3__Streptosporangiales	0	0.0585168018539977	0	0	0	0	0	0	0.0582010582010582	0	0.0381315538608198	0	0	0	0	0	0	0	0	0	0.00264725347452019	0	0.00914634146341463	0	0	0.0585585585585586	0	0	0	0	0	0	0	0	0	0	0	0	0	0	0	0	0	0	0	0	0	0	0	0	0
D_0__Bacteria;D_1__Actinobacteria;D_2__Actinobacteria;D_3__Kineosporiales	0.0119375573921028	0	0.0663507109004739	0	0	0	0	0	0	0	0	0	0	0	0	0	0	0	0	0	0	0	0	0	0	0	0	0	0	0	0	0	0	0	0	0	0	0	0	0	0	0	0	0	0	0	0	0	0	0	0
D_0__Bacteria;D_1__Cyanobacteria;D_2__Melainabacteria;D_3__Obscuribacterales	0	0	0	0	0.0875	0	0	0	0	0	0	0	0	0	0.161290322580645	0	0	0	0	0.0677824267782427	0	0	0.048780487804878	0	0	0	0	0	0	0	0	0	0	0	0	0	0	0	0	0	0	0	0	0	0	0	0	0	0	0	0
D_0__Bacteria;D_1__Bacteroidetes;D_2__Bacteroidia;D_3__Cytophagales	0	0	0	0	0.0583333333333333	0	0	0	0	0	0	0.0062200956937799	0	0	0	0	0	0.105485232067511	0.0532458059810357	0	0	0	0	0	0	0.0540540540540541	0	0	0	0	0	0	0	0	0	0	0	0	0	0	0	0	0	0	0	0.0558539205155747	0	0	0	0	0
D_0__Bacteria;D_1__Acidobacteria;D_2__Subgroup 17;__	0	0	0	0	0	0	0	0	0	0	0	0	0	0	0	0	0	0	0	0	0.00761085373924553	0	0	0	0	0.0765765765765766	0	0	0	0	0	0	0	0	0	0	0	0	0	0	0	0	0	0	0	0	0	0	0	0	0
D_0__Bacteria;D_1__Actinobacteria;D_2__Actinobacteria;D_3__Pseudonocardiales	0	0	0.138625592417062	0	0	0	0	0	0	0	0	0.0157894736842105	0	0	0.108870967741935	0	0	0	0	0	0.0135671740569159	0.00364372469635628	0	0.0258215962441315	0	0	0	0	0	0	0	0	0	0	0	0	0	0	0	0.00315955766192733	0	0	0.0199004975124378	0	0	0.0252416756176155	0	0	0	0	0
D_0__Bacteria;D_1__Planctomycetes;D_2__OM190;D_3__uncultured bacterium	0	0	0	0	0	0	0	0	0	0.0282087447108604	0	0	0	0	0	0	0	0	0	0	0.00198544010589014	0	0	0.00704225352112676	0	0	0	0	0	0	0	0	0	0	0	0	0	0	0	0	0	0	0	0	0	0.0290010741138561	0	0	0	0	0
D_0__Bacteria;D_1__Chloroflexi;D_2__Gitt-GS-136;D_3__uncultured bacterium	0	0.026071842410197	0.0627962085308057	0	0	0	0	0	0	0	0	0.0239234449760766	0	0	0	0	0	0	0	0	0.0241561879549967	0.0149797570850202	0	0.00892018779342723	0	0.024024024024024	0	0	0.00575539568345324	0	0	0	0	0	0	0	0	0	0	0	0	0	0	0	0	0	0	0	0	0	0
D_0__Bacteria;D_1__Chloroflexi;D_2__Dehalococcoidia;D_3__S085	0	0	0	0.0045662100456621	0	0	0.10022271714922	0	0	0	0	0	0	0	0	0	0	0	0	0	0	0	0	0	0	0	0	0	0	0	0	0	0	0	0	0	0	0	0	0	0	0	0	0	0	0.0284640171858217	0	0	0	0	0
D_0__Bacteria;D_1__Latescibacteria;D_2__Latescibacteria;D_3__Latescibacterales	0	0.0301274623406721	0	0	0	0	0	0	0	0	0	0.00191387559808612	0	0	0	0	0	0	0	0	0	0	0	0	0	0	0	0	0	0	0	0	0	0	0	0	0	0	0	0	0	0	0	0	0	0	0	0	0	0	0
D_0__Bacteria;D_1__Proteobacteria;D_2__Alphaproteobacteria;D_3__uncultured	0	0	0.0592417061611374	0	0	0	0	0	0	0	0	0.00956937799043062	0	0	0	0	0	0	0	0	0	0	0.0716463414634146	0.0140845070422535	0	0	0	0	0	0	0	0	0	0	0	0	0	0	0	0.00315955766192733	0	0	0	0	0	0	0.0361596009975062	0	0	0.196491228070175	0
D_0__Bacteria;D_1__Actinobacteria;D_2__Actinobacteria;D_3__Streptomycetales	0	0	0	0	0.0222222222222222	0.005	0	0	0	0	0.0209723546234509	0	0	0	0	0	0	0.00632911392405063	0	0	0	0.0145748987854251	0	0.0244131455399061	0	0	0	0	0	0	0	0.0349344978165939	0.00970873786407767	0	0	0	0	0	0	0	0	0	0	0	0	0.0225563909774436	0	0	0	0	0
D_0__Bacteria;D_1__Proteobacteria;D_2__Deltaproteobacteria;D_3__RCP2-54	0	0	0	0	0	0	0	0	0	0	0	0	0	0	0	0	0	0	0	0	0	0	0	0	0	0	0	0	0	0	0	0	0	0	0	0	0	0	0	0	0	0	0	0	0	0.0279269602577873	0	0	0	0	0
D_0__Bacteria;D_1__Proteobacteria;D_2__Gammaproteobacteria;D_3__PLTA13	0	0.0295480880648899	0	0	0.0166666666666667	0	0	0	0	0	0	0.0200956937799043	0	0	0	0	0	0	0	0	0.0198544010589014	0.0202429149797571	0	0.0234741784037559	0	0	0	0	0	0	0	0	0	0	0	0	0	0	0	0	0	0	0	0	0	0	0	0.0701402805611222	0	0	0
D_0__Bacteria;D_1__Actinobacteria;D_2__Rubrobacteria;D_3__Rubrobacterales	0	0	0.0604265402843602	0	0	0	0	0	0	0	0	0	0	0	0	0	0	0	0	0	0	0	0	0	0	0	0	0	0	0	0	0	0	0	0	0	0	0	0	0	0	0	0	0	0	0	0	0	0	0	0
D_0__Archaea;D_1__Thaumarchaeota;D_2__Nitrososphaeria;D_3__Nitrososphaerales	0	0.0139049826187717	0	0.0030441400304414	0	0	0	0	0	0	0.0476644423260248	0	0	0.0161662817551963	0	0	0	0	0	0	0.00727994705493051	0	0	0	0	0	0	0	0	0	0	0	0	0	0	0	0	0	0	0	0	0	0	0	0.00342759211653813	0	0	0	0	0	0
D_0__Bacteria;D_1__Actinobacteria;D_2__Actinobacteria;D_3__Micromonosporales	0	0	0	0	0	0	0	0	0	0	0	0.0148325358851675	0	0	0	0	0	0	0	0	0.014228987425546	0.0198380566801619	0	0	0	0	0	0	0	0	0	0	0	0	0	0	0	0	0	0	0	0	0	0	0	0.0166487647690655	0	0	0	0	0
D_0__Bacteria;D_1__Proteobacteria;D_2__Gammaproteobacteria;D_3__Steroidobacterales	0	0.0162224797219003	0	0	0	0	0	0	0	0	0	0.0186602870813397	0	0	0	0	0	0	0	0	0.00628722700198544	0.0202429149797571	0	0.0131455399061033	0	0	0	0	0	0	0	0	0	0	0	0	0	0	0	0	0	0	0	0	0	0	0	0.00400801603206413	0	0	0
D_0__Bacteria;D_1__Elusimicrobia;D_2__Lineage IIa;__	0	0	0	0	0	0	0	0	0	0	0	0	0	0	0	0	0	0	0	0	0	0	0	0	0	0.0765765765765766	0	0	0	0	0	0	0	0	0	0	0	0	0	0	0	0	0	0	0	0	0	0	0	0	0
D_0__Bacteria;D_1__Planctomycetes;D_2__Planctomycetacia;D_3__Planctomycetales	0	0	0	0	0	0	0.0356347438752784	0	0.00352733686067019	0	0	0.000956937799043062	0	0.0192455735180908	0	0	0	0	0	0	0	0	0	0.00187793427230047	0	0	0	0	0	0	0	0	0	0	0	0	0	0	0	0	0	0	0	0	0	0.0268528464017186	0	0	0	0	0
D_0__Bacteria;D_1__Acidobacteria;D_2__Blastocatellia (Subgroup 4);D_3__Pyrinomonadales	0	0.0272305909617613	0	0.0015220700152207	0	0	0	0	0	0	0	0.0062200956937799	0	0	0	0	0	0	0	0	0	0	0	0.00704225352112676	0	0	0	0	0	0	0	0	0	0	0	0	0	0	0	0	0	0	0	0	0	0	0.0174563591022444	0	0.0948275862068965	0	0
D_0__Bacteria;D_1__Nitrospirae;D_2__Nitrospira;D_3__Nitrospirales	0	0	0	0	0	0	0	0	0	0	0.0324118207816969	0.0119617224880383	0	0.0369515011547344	0	0	0	0	0	0.0142259414225941	0.0119126406353408	0.00688259109311741	0	0.0220657276995305	0	0	0	0	0	0	0	0	0	0	0	0	0	0	0	0	0	0.00240384615384615	0	0	0	0	0	0	0	0	0
D_0__Bacteria;D_1__Actinobacteria;D_2__MB-A2-108;D_3__metagenome	0	0.0272305909617613	0	0	0	0	0	0	0	0	0	0.00334928229665072	0	0	0	0	0	0	0	0	0.0188616810059563	0	0	0.0107981220657277	0	0	0	0	0	0	0	0	0	0	0	0	0	0	0	0	0	0	0	0	0	0	0	0	0	0	0
D_0__Bacteria;D_1__Proteobacteria;D_2__Alphaproteobacteria;D_3__Micropepsales	0	0	0	0	0	0	0	0	0	0	0	0	0	0	0	0	0	0	0.0342815463165573	0	0	0	0	0	0	0	0	0	0	0	0	0	0	0	0	0	0	0	0	0	0	0	0	0	0	0.00161117078410311	0	0	0	0	0
D_0__Bacteria;D_1__Chloroflexi;D_2__TK10;D_3__uncultured Chloroflexi bacterium	0	0	0	0	0	0	0	0	0	0	0	0	0	0	0	0	0	0	0	0	0	0.0186234817813765	0	0.0107981220657277	0	0	0	0	0	0	0	0	0	0	0	0	0	0	0	0	0	0	0	0	0	0	0	0	0	0	0
D_0__Bacteria;D_1__Verrucomicrobia;D_2__Verrucomicrobiae;D_3__Pedosphaerales	0	0.0162224797219003	0	0	0	0	0	0	0	0	0	0.00334928229665072	0	0.0269438029253272	0	0	0	0	0	0	0	0	0	0	0	0	0	0	0	0	0	0.141921397379913	0	0	0	0	0	0	0	0	0	0	0	0	0	0	0	0	0	0	0
D_0__Bacteria;D_1__Proteobacteria;D_2__Gammaproteobacteria;D_3__Cellvibrionales	0	0	0	0	0	0	0	0	0	0	0	0	0	0	0	0	0	0	0	0	0	0	0	0	0	0	0	0	0	0	0	0	0	0	0	0	0	0	0	0	0	0	0	0	0	0.0247046186895811	0	0	0	0	0
D_0__Bacteria;D_1__Proteobacteria;D_2__Alphaproteobacteria;D_3__Dongiales	0	0	0	0	0	0	0	0	0	0	0	0.0162679425837321	0	0	0	0	0	0	0.0175054704595186	0	0.014890800794176	0	0	0.0154929577464789	0	0	0	0	0	0	0	0	0	0	0	0	0	0	0	0	0	0	0.082089552238806	0	0	0	0	0	0	0	0
D_0__Bacteria;D_1__Acidobacteria;D_2__Subgroup 17;D_3__uncultured bacterium	0	0	0	0	0	0	0	0	0	0	0	0	0	0	0	0	0	0	0	0	0	0	0	0	0	0	0	0	0	0	0	0	0	0	0	0	0	0	0	0	0	0	0	0	0	0.0241675617615467	0	0	0	0	0
D_0__Bacteria;D_1__Proteobacteria;D_2__Alphaproteobacteria;D_3__Rhodobacterales	0	0.00984936268829664	0.037914691943128	0	0	0	0	0	0	0	0	0.0186602870813397	0	0	0	0	0	0	0	0	0	0.0174089068825911	0	0	0	0.0525525525525526	0	0	0	0	0	0	0	0	0	0	0	0	0	0	0	0.00120192307692308	0	0	0	0	0	0	0	0	0
D_0__Bacteria;D_1__Acidobacteria;D_2__Holophagae;D_3__Subgroup 7	0	0	0	0	0	0	0	0	0	0	0	0.00430622009569378	0	0	0	0	0	0	0	0	0	0	0	0	0	0	0	0	0	0	0	0	0	0	0	0	0	0	0	0	0	0	0	0	0	0.0171858216970999	0	0	0	0.0421052631578947	0
D_0__Bacteria;D_1__Gemmatimonadetes;D_2__S0134 terrestrial group;D_3__uncultured compost bacterium	0	0	0	0	0	0	0	0	0	0	0	0	0	0.00538876058506543	0	0	0	0	0	0	0	0	0	0	0	0	0	0	0	0	0	0	0	0	0	0	0	0	0	0	0	0	0	0	0	0.0225563909774436	0	0	0	0	0
D_0__Bacteria;D_1__Acidobacteria;D_2__Subgroup 11;D_3__uncultured Acidobacteria bacterium	0	0	0	0	0	0	0	0	0.072310405643739	0	0	0	0	0	0	0	0	0	0	0	0	0	0	0	0	0	0	0	0	0	0	0	0	0	0	0	0	0	0	0	0	0	0	0	0	0	0	0	0	0	0
D_0__Bacteria;D_1__Chloroflexi;D_2__TK10;D_3__uncultured soil bacterium	0	0	0	0	0	0	0	0	0	0	0.0390848427073403	0	0	0	0	0	0	0	0	0	0	0	0	0	0	0	0	0	0	0	0	0	0	0	0	0	0	0	0	0	0	0	0	0	0	0	0	0	0	0	0
D_0__Bacteria;D_1__Proteobacteria;D_2__Gammaproteobacteria;D_3__Methylococcales	0	0.0231749710312862	0	0	0	0	0	0	0	0	0	0	0	0	0	0	0	0	0	0	0	0	0	0	0	0	0	0	0	0	0	0	0	0	0	0	0	0	0	0	0	0	0	0	0	0	0	0	0	0	0
D_0__Bacteria;D_1__Actinobacteria;D_2__Acidimicrobiia;D_3__uncultured	0	0.0220162224797219	0	0	0	0	0	0	0	0	0	0	0	0	0	0	0	0	0	0	0	0	0	0	0	0	0	0	0	0	0	0	0	0	0	0	0	0	0	0	0	0	0	0	0	0.0177228786251343	0	0	0	0	0
D_0__Bacteria;D_1__Proteobacteria;D_2__Deltaproteobacteria;D_3__Desulfuromonadales	0	0	0	0	0	0	0	0	0	0.0564174894217207	0	0	0	0	0	0	0	0	0	0	0.00132362673726009	0	0	0	0	0	0	0	0	0	0	0	0	0	0	0	0	0	0	0	0	0	0	0	0	0	0	0	0	0	0
D_0__Bacteria;D_1__Gemmatimonadetes;D_2__Gemmatimonadetes;D_3__Gemmatimonadales	0	0.0133256083429896	0	0	0	0	0	0	0	0	0	0.00669856459330144	0	0	0	0	0.363636363636364	0	0	0	0.0205162144275314	0	0	0.00751173708920188	0	0	0	0	0	0	0	0	0	0	0	0	0	0	0	0	0	0	0	0	0	0	0.0386533665835411	0	0	0	0
D_0__Bacteria;D_1__Proteobacteria;D_2__Alphaproteobacteria;D_3__Caulobacterales	0	0	0	0	0	0	0	0	0	0	0	0	0	0	0	0	0	0	0	0	0	0	0	0.00187793427230047	0	0	0	0	0	0	0	0.0851528384279476	0	0	0	0	0	0	0	0	0	0	0	0	0.0222793487574979	0	0.0211970074812968	0	0	0	0
D_0__Bacteria;D_1__Chloroflexi;D_2__Anaerolineae;D_3__SBR1031	0	0	0	0.0030441400304414	0	0	0	0	0	0	0	0	0	0	0	0	0	0	0	0	0	0	0	0.00328638497652582	0	0	0	0	0	0	0	0	0	0	0	0	0	0	0	0	0	0	0	0	0	0	0.0548628428927681	0.0360721442885772	0	0	0
D_0__Archaea;D_1__Euryarchaeota;D_2__Methanomicrobia;D_3__Methanosarcinales	0	0.0225955967555041	0	0	0	0	0	0	0	0	0	0	0	0	0	0	0	0	0	0	0	0	0	0	0	0	0	0	0	0	0	0	0	0	0	0	0	0	0	0	0	0	0	0	0	0	0	0	0	0	0
D_0__Bacteria;D_1__Proteobacteria;D_2__Gammaproteobacteria;D_3__R7C24	0	0	0	0	0	0	0	0	0	0	0	0	0	0	0	0	0	0	0.00145878920495988	0	0	0	0	0	0	0	0	0	0	0	0	0.0851528384279476	0	0	0	0	0	0	0	0	0	0	0	0	0	0.023093447905478	0	0.00801603206412826	0	0	0
D_0__Bacteria;D_1__Acidobacteria;D_2__Subgroup 21;D_3__uncultured bacterium	0	0.0220162224797219	0	0	0	0	0	0	0	0	0	0	0	0	0	0	0	0	0	0	0	0	0	0	0	0	0	0	0	0	0	0	0	0	0	0	0	0	0	0	0	0	0	0	0	0	0	0	0	0	0
D_0__Bacteria;D_1__Proteobacteria;D_2__Deltaproteobacteria;D_3__Bdellovibrionales	0	0	0	0	0	0	0	0	0	0	0	0.00287081339712919	0	0	0	0	0	0	0.0277169948942378	0	0	0	0	0	0	0	0	0	0	0	0	0	0	0	0	0	0	0	0	0	0	0	0	0	0	0.00590762620837809	0	0	0	0	0
D_0__Bacteria;D_1__Verrucomicrobia;D_2__Verrucomicrobiae;D_3__Verrucomicrobiales	0	0	0	0	0	0	0	0	0	0	0	0	0	0	0	0	0	0	0	0	0	0.0153846153846154	0	0	0	0	0	0	0	0	0	0	0	0	0	0	0	0	0	0	0	0	0	0	0	0	0	0	0	0	0
D_0__Bacteria;D_1__Proteobacteria;D_2__Alphaproteobacteria;D_3__Azospirillales	0	0	0.0154028436018957	0	0	0	0	0	0	0	0	0.00239234449760766	0	0	0	0	0	0	0	0	0.00628722700198544	0	0	0	0	0	0.00271985494106981	0	0	0	0	0	0	0	0	0	0	0	0	0	0	0	0	0	0	0.0198711063372718	0	0	0	0	0
D_0__Bacteria;D_1__Proteobacteria;D_2__Deltaproteobacteria;D_3__Oligoflexales	0	0	0.0248815165876777	0	0	0	0.0801781737193764	0	0	0.0352609308885755	0	0.00430622009569378	0	0	0.0806451612903226	0	0	0	0	0	0	0	0	0	0	0	0	0	0	0	0	0.00436681222707424	0	0	0	0	0	0	0	0	0	0	0	0	0	0	0.0124688279301746	0	0	0	0
D_0__Bacteria;__;__;__	0.00183654729109275	0	0	0	0	0	0	0	0	0	0	0	0	0	0	0.0444444444444444	0	0	0	0	0	0	0	0	0	0	0	0	0	0	0	0	0	0	0	0.0032626427406199	0	0	0	0	0	0	0	0	0	0	0	0.0440881763527054	0	0	0
D_0__Bacteria;D_1__Proteobacteria;D_2__Deltaproteobacteria;__	0	0	0	0	0	0	0	0	0	0	0	0	0	0	0	0.151111111111111	0	0	0	0	0	0.011336032388664	0	0	0	0	0	0	0	0	0	0	0	0	0	0	0	0	0	0	0	0	0	0	0	0	0	0	0	0	0
D_0__Bacteria;D_1__Verrucomicrobia;D_2__Verrucomicrobiae;D_3__Chthoniobacterales	0	0	0	0	0	0	0	0	0	0	0	0	0	0	0	0	0	0	0	0	0.014228987425546	0.011336032388664	0	0.00704225352112676	0	0	0	0	0	0	0	0	0	0	0	0	0	0	0	0	0	0	0	0	0	0	0	0	0	0	0
D_0__Bacteria;D_1__Proteobacteria;D_2__Deltaproteobacteria;D_3__Desulfarculales	0	0	0	0	0	0	0	0	0	0.0211565585331453	0	0	0	0	0	0	0	0	0	0	0	0	0	0	0	0	0	0	0	0	0	0	0	0	0	0	0	0	0	0	0	0	0	0	0	0.0177228786251343	0	0	0	0	0
D_0__Bacteria;D_1__Bacteroidetes;D_2__Bacteroidia;D_3__Bacteroidetes VC2.1 Bac22	0	0.018539976825029	0	0	0	0	0	0	0	0	0	0	0	0	0	0	0	0	0	0	0	0	0	0	0	0	0	0	0	0	0	0	0	0	0	0	0	0	0	0	0	0	0	0	0.0231362467866324	0	0	0	0	0	0
D_0__Bacteria;D_1__Proteobacteria;D_2__Gammaproteobacteria;D_3__211ds20	0	0	0	0	0	0	0	0	0	0	0	0	0	0	0	0	0	0	0.0226112326768782	0	0	0	0	0	0	0	0	0	0	0	0	0	0	0	0	0	0	0	0	0	0	0	0	0	0	0	0	0	0	0	0
D_0__Bacteria;D_1__Proteobacteria;D_2__Deltaproteobacteria;D_3__NB1-j	0	0	0	0	0	0	0	0	0	0	0	0.00239234449760766	0	0	0	0	0	0	0	0	0	0	0	0.00187793427230047	0	0	0	0	0	0	0	0	0	0	0	0	0	0	0	0	0	0	0	0	0	0.033297529538131	0	0	0	0	0
D_0__Bacteria;D_1__Acidobacteria;D_2__Subgroup 6;D_3__uncultured proteobacterium	0	0	0	0	0	0	0	0	0	0	0	0	0	0	0	0	0	0	0	0	0.0099272005294507	0	0	0	0	0	0	0	0	0	0	0	0	0	0	0	0	0	0	0	0	0	0	0	0	0	0	0	0	0	0
D_0__Bacteria;D_1__Spirochaetes;D_2__Spirochaetia;D_3__Spirochaetales	0	0	0	0	0	0	0	0	0	0	0	0	0.061965811965812	0	0	0	0	0	0	0	0	0	0	0	0	0	0	0	0	0	0	0	0	0	0	0	0	0	0	0	0	0	0	0	0	0	0	0	0	0	0
D_0__Bacteria;D_1__Patescibacteria;D_2__Parcubacteria;D_3__Candidatus Nomurabacteria	0	0.00811123986095017	0	0	0.0305555555555556	0	0	0	0	0	0	0	0	0	0	0	0	0	0	0	0	0	0.0442073170731707	0	0	0	0	0	0	0	0	0	0	0	0	0	0	0	0	0	0	0	0	0	0	0	0	0	0	0	0
D_0__Bacteria;D_1__Chloroflexi;D_2__OLB14;D_3__uncultured bacterium	0	0.0162224797219003	0	0	0	0	0	0	0	0	0	0	0	0	0	0	0	0	0	0	0	0	0	0	0	0	0	0	0	0	0	0	0	0	0	0	0	0	0	0	0	0	0	0	0	0	0	0	0	0	0
D_0__Bacteria;D_1__Chloroflexi;D_2__Gitt-GS-136;__	0	0	0	0	0	0	0	0	0	0	0	0.0133971291866029	0	0	0	0	0	0	0	0	0.00827266710787558	0	0	0	0	0	0	0	0	0	0	0	0	0	0	0	0	0	0	0	0	0	0	0	0	0	0	0	0	0	0
D_0__Bacteria;D_1__Deinococcus-Thermus;D_2__Deinococci;D_3__Deinococcales	0	0	0	0	0	0	0.0044543429844098	0	0	0	0.0257387988560534	0	0.0170940170940171	0	0	0	0	0	0	0	0	0	0	0	0	0	0	0	0	0	0	0	0	0	0	0	0	0	0	0	0	0	0	0	0	0	0	0	0	0	0
D_0__Bacteria;D_1__Chlamydiae;D_2__Chlamydiae;D_3__Chlamydiales	0	0.0144843568945539	0	0	0	0	0	0	0	0	0	0	0	0	0	0	0	0	0	0	0.000661813368630046	0.0109311740890688	0	0	0	0	0	0	0	0	0	0	0	0	0	0	0	0	0	0	0	0	0	0	0	0	0	0	0	0	0
D_0__Bacteria;D_1__Verrucomicrobia;D_2__Verrucomicrobiae;D_3__Methylacidiphilales	0	0	0	0	0	0	0	0	0	0	0	0	0	0	0	0	0	0	0	0	0	0	0	0	0	0	0	0	0	0	0	0	0	0	0	0	0	0	0	0	0	0	0	0	0	0	0.0311720698254364	0	0	0	0
D_0__Bacteria;D_1__Proteobacteria;D_2__Gammaproteobacteria;D_3__Diplorickettsiales	0	0	0	0	0	0	0.0378619153674833	0	0	0	0	0.000956937799043062	0	0	0	0	0	0	0	0	0	0	0	0	0	0	0	0	0	0	0	0	0	0	0	0	0	0	0	0	0	0	0	0	0	0	0.0311720698254364	0	0	0	0
D_0__Bacteria;D_1__Patescibacteria;D_2__Parcubacteria;D_3__wastewater metagenome	0	0	0	0	0	0	0	0	0	0	0	0	0	0	0	0	0	0	0	0	0	0	0	0	0	0	0	0	0	0	0	0	0	0	0	0	0	0	0	0	0	0	0	0	0	0	0	0.0480961923847695	0	0	0
D_0__Bacteria;D_1__Chloroflexi;D_2__Anaerolineae;D_3__Caldilineales	0	0.0133256083429896	0	0	0	0	0	0	0	0	0	0.0105263157894737	0	0	0	0	0	0	0	0	0	0	0	0.000938967136150235	0	0.0345345345345345	0	0	0	0	0	0	0	0	0	0	0	0	0	0	0	0	0	0	0	0	0	0	0	0	0
D_0__Bacteria;D_1__Proteobacteria;D_2__Alphaproteobacteria;D_3__Tistrellales	0	0	0	0	0	0	0	0	0.0405643738977072	0	0	0.00382775119617225	0	0	0	0	0	0	0.0138584974471189	0	0	0	0	0	0	0	0	0	0	0	0	0	0	0	0	0	0	0	0	0	0	0	0	0	0	0	0	0	0	0	0
D_0__Bacteria;D_1__Acidobacteria;D_2__Subgroup 22;D_3__uncultured Acidobacterium sp.	0	0	0	0	0	0	0	0	0	0	0	0	0	0	0	0	0	0	0	0	0.00761085373924553	0	0	0	0	0	0	0	0	0	0	0	0	0	0	0	0	0	0	0	0	0	0	0	0	0	0	0	0	0	0
D_0__Bacteria;D_1__Chloroflexi;D_2__TK10;D_3__metagenome	0	0	0	0	0	0	0	0	0	0	0	0	0	0	0	0	0	0	0	0	0.00727994705493051	0	0	0	0	0	0	0	0	0	0	0	0	0	0	0	0	0	0	0	0	0	0	0	0	0	0	0	0	0	0
D_0__Bacteria;D_1__Chloroflexi;D_2__TK10;D_3__bacterium Ellin6519	0	0	0	0	0	0	0	0	0	0	0	0	0	0	0	0	0	0	0	0	0.00727994705493051	0	0	0	0	0	0	0	0	0	0	0	0	0	0	0	0	0	0	0	0	0.00480769230769231	0	0	0	0	0	0	0	0	0
D_0__Bacteria;D_1__Chloroflexi;D_2__Chloroflexia;D_3__Kallotenuales	0	0	0	0	0	0	0.0089086859688196	0	0	0	0	0	0	0	0	0	0	0	0	0	0	0.00890688259109312	0	0	0	0	0	0	0	0	0	0	0	0	0	0	0	0	0	0	0	0	0	0	0	0	0	0	0	0	0
D_0__Bacteria;D_1__Acidobacteria;D_2__Subgroup 6;D_3__metagenome	0	0	0	0	0	0	0	0	0	0	0	0	0	0	0	0	0	0	0	0	0	0	0	0	0	0	0	0	0	0	0	0	0	0	0	0	0	0	0	0	0	0	0	0	0	0	0	0.0440881763527054	0	0	0
D_0__Bacteria;D_1__Acidobacteria;D_2__Subgroup 22;D_3__uncultured Acidobacteriales bacterium	0	0	0	0	0	0	0	0	0	0	0	0	0	0	0	0	0	0	0	0	0	0	0	0	0	0	0	0	0	0	0	0.0436681222707424	0	0	0	0	0	0	0	0	0	0	0	0	0	0	0	0	0	0	0
D_0__Bacteria;D_1__Bacteroidetes;D_2__Bacteroidia;D_3__Bacteroidales	0	0	0	0	0	0	0	0	0	0	0	0	0	0	0	0	0	0	0.0138584974471189	0.0125523012552301	0	0	0	0	0	0	0	0	0	0	0	0	0	0	0	0	0	0	0	0	0	0	0	0	0.0428449014567266	0	0	0	0	0	0
D_0__Bacteria;D_1__Firmicutes;D_2__Negativicutes;D_3__Selenomonadales	0	0.0104287369640788	0	0	0	0	0	0	0	0	0	0	0	0	0	0	0	0	0	0	0	0	0	0	0.0341555977229602	0	0	0	0	0	0	0	0	0	0	0	0	0	0	0	0	0	0	0	0	0	0	0	0	0	0
D_0__Bacteria;D_1__Bacteroidetes;D_2__Rhodothermia;D_3__Rhodothermales	0	0	0	0	0	0	0	0	0	0	0	0	0	0	0	0	0	0	0	0	0	0	0	0	0	0	0	0	0	0	0	0	0	0	0	0	0	0	0	0	0	0	0	0	0	0	0	0.0360721442885772	0	0	0
D_0__Bacteria;D_1__Acidobacteria;D_2__Subgroup 6;D_3__uncultured Saccharibacillus sp.	0	0	0	0	0	0	0	0	0	0.0239774330042313	0	0	0	0	0	0	0	0	0	0	0	0	0	0	0	0	0	0	0	0	0	0	0	0	0	0	0	0	0	0	0	0	0	0	0	0	0	0	0	0	0
D_0__Bacteria;D_1__Proteobacteria;D_2__Gammaproteobacteria;D_3__Alteromonadales	0	0.00926998841251448	0.0165876777251185	0	0	0	0	0	0	0	0	0	0	0	0	0	0	0	0	0	0	0	0	0	0	0	0	0	0	0	0	0	0	0	0	0	0	0	0	0	0	0	0	0	0	0	0	0	0	0	0
D_0__Bacteria;D_1__Acidobacteria;D_2__Subgroup 5;D_3__uncultured Acidobacteria bacterium	0	0	0.018957345971564	0	0	0	0	0	0	0	0	0	0	0	0	0	0	0	0	0	0	0	0	0.00563380281690141	0	0	0	0	0	0	0	0	0	0	0	0	0	0	0	0	0	0	0	0	0	0	0	0	0	0	0
D_0__Bacteria;D_1__Proteobacteria;D_2__Alphaproteobacteria;D_3__Elsterales	0	0.00869061413673233	0	0	0	0	0	0	0	0	0	0	0	0	0	0	0	0	0	0	0.00198544010589014	0	0	0	0	0	0	0	0	0	0	0	0	0	0	0	0	0	0	0	0	0	0	0	0	0	0	0	0	0	0
D_0__Bacteria;D_1__Dependentiae;D_2__Babeliae;D_3__Babeliales	0	0	0	0	0	0	0	0	0.0264550264550265	0	0	0	0	0	0	0	0	0.029535864978903	0	0	0	0	0	0	0	0	0	0	0	0	0	0	0	0	0	0	0	0	0	0	0	0	0	0	0	0	0	0	0	0	0.00317460317460317
D_0__Bacteria;D_1__Actinobacteria;D_2__Thermoleophilia;D_3__uncultured	0	0	0	0	0	0	0	0	0	0	0	0	0	0	0	0	0	0	0	0	0.00496360026472535	0	0	0.00140845070422535	0	0	0	0	0	0	0	0	0	0	0	0	0	0	0	0	0	0	0	0	0	0	0	0	0	0	0
D_0__Bacteria;D_1__Acidobacteria;D_2__Subgroup 22;D_3__uncultured bacterium	0	0	0	0	0	0	0	0	0	0	0	0	0	0	0	0	0	0	0	0	0.00099272005294507	0	0	0.00375586854460094	0	0	0	0	0	0	0	0	0	0	0	0	0	0	0	0	0	0	0	0	0	0	0	0	0	0	0
D_0__Bacteria;D_1__Proteobacteria;D_2__Gammaproteobacteria;D_3__Legionellales	0.00642791551882461	0	0	0	0	0	0	0	0	0	0	0	0	0	0	0	0	0	0	0	0	0	0	0	0	0	0	0	0	0	0	0	0	0	0	0	0	0	0	0	0	0	0	0	0	0	0	0	0	0	0
D_0__Bacteria;D_1__Gemmatimonadetes;D_2__S0134 terrestrial group;__	0	0	0	0	0	0	0	0	0	0	0	0	0	0.0107775211701309	0	0	0	0	0	0	0	0	0	0	0	0	0	0	0	0	0	0	0	0	0	0	0	0	0	0	0	0	0	0	0	0	0	0	0	0	0
D_0__Bacteria;D_1__Acidobacteria;D_2__Subgroup 6;D_3__Acidobacteria bacterium WX90	0	0	0	0	0	0	0	0	0	0	0	0	0	0	0	0	0	0	0	0	0	0	0	0	0	0	0	0	0	0	0	0	0	0	0	0	0	0	0	0	0	0	0	0	0	0	0	0.0280561122244489	0	0	0
D_0__Bacteria;D_1__Proteobacteria;D_2__Alphaproteobacteria;D_3__Rhodospirillales	0	0	0	0.0030441400304414	0	0	0	0	0	0	0	0	0	0	0	0	0	0	0	0	0	0	0	0	0	0	0	0	0	0	0	0	0	0	0	0	0	0	0	0	0	0	0	0	0	0	0	0	0	0	0
D_0__Bacteria;D_1__Planctomycetes;D_2__Planctomycetacia;D_3__Isosphaerales	0	0	0	0	0	0	0	0	0	0	0	0	0	0	0	0	0	0	0	0	0.00132362673726009	0.00526315789473684	0	0.0028169014084507	0	0	0	0	0	0	0	0	0	0	0	0	0	0	0	0	0	0	0	0	0	0	0	0	0	0	0
D_0__Bacteria;D_1__Acidobacteria;D_2__Subgroup 5;D_3__uncultured Acidobacterium sp.	0	0	0	0	0	0	0	0	0	0	0	0	0	0	0	0	0	0	0	0	0	0.00526315789473684	0	0	0	0.018018018018018	0	0	0	0	0	0	0	0	0	0	0	0	0	0	0	0	0	0	0	0	0	0	0	0	0
D_0__Bacteria;D_1__Acidobacteria;D_2__Subgroup 6;D_3__uncultured bacterium 70	0	0	0	0	0	0	0	0	0	0	0	0	0	0	0	0	0	0	0	0	0	0	0	0.00610328638497653	0	0	0	0	0	0	0	0	0	0	0	0	0	0	0	0	0	0	0	0	0	0	0	0	0	0	0
D_0__Bacteria;D_1__Proteobacteria;D_2__Deltaproteobacteria;D_3__PB19	0	0	0	0	0	0	0	0	0	0	0	0	0	0	0	0	0	0	0	0	0	0	0	0	0	0	0	0	0	0	0	0	0	0	0	0	0	0	0	0	0	0	0	0	0	0	0.0149625935162095	0	0	0	0
D_0__Bacteria;D_1__Gemmatimonadetes;D_2__S0134 terrestrial group;D_3__uncultured bacterium	0	0	0	0	0	0	0	0	0	0.0155148095909732	0	0	0	0	0	0	0	0	0	0	0	0	0	0	0	0	0	0	0	0	0	0	0	0	0	0	0	0	0	0	0	0	0	0	0	0	0	0	0	0	0
D_0__Bacteria;D_1__Actinobacteria;D_2__MB-A2-108;D_3__uncultured bacterium	0	0	0	0	0.00416666666666667	0	0	0	0	0	0	0	0	0	0	0	0	0	0	0	0.00363997352746525	0	0	0	0	0	0	0	0	0	0	0	0	0	0	0	0	0	0	0	0	0	0	0	0	0	0	0	0	0	0
D_0__Bacteria;D_1__Gemmatimonadetes;D_2__BD2-11 terrestrial group;D_3__metagenome	0	0	0	0	0	0	0	0	0	0	0	0	0	0	0	0	0	0	0	0	0	0	0	0.00140845070422535	0	0	0	0	0	0	0	0	0	0	0	0	0	0	0	0	0	0	0	0	0	0	0.013715710723192	0	0	0	0
D_0__Bacteria;D_1__Actinobacteria;D_2__Acidimicrobiia;__	0	0	0	0	0	0	0	0	0	0	0	0	0	0	0	0	0	0	0	0	0	0	0	0	0.0189753320683112	0	0	0	0	0	0	0	0	0	0	0	0	0	0	0	0	0	0	0	0	0	0	0	0	0	0
D_0__Archaea;D_1__Euryarchaeota;D_2__Methanobacteria;D_3__Methanobacteriales	0	0	0	0	0	0	0	0	0.0158730158730159	0	0	0	0	0	0	0	0	0	0	0	0	0	0	0	0	0	0	0	0	0	0	0	0	0	0	0	0	0	0	0	0	0	0	0	0	0	0	0	0	0	0
D_0__Bacteria;D_1__Actinobacteria;D_2__Actinobacteria;D_3__Bifidobacteriales	0	0	0	0	0	0	0	0	0	0	0	0	0	0	0	0	0	0	0	0	0	0.00364372469635628	0	0	0	0	0	0	0	0	0	0	0	0	0	0	0	0	0	0	0	0	0	0	0	0	0	0	0	0	0
D_0__Bacteria;D_1__Actinobacteria;D_2__Actinobacteria;__	0.000918273645546373	0	0	0	0	0	0	0	0	0	0	0	0	0	0	0	0	0	0	0	0	0.00364372469635628	0	0	0	0	0	0	0	0	0	0	0	0	0	0	0	0	0	0	0	0	0	0	0	0	0	0	0	0	0
D_0__Bacteria;D_1__Latescibacteria;D_2__metagenome;D_3__	0	0	0	0	0	0	0	0	0	0	0	0	0	0	0	0	0	0	0	0	0	0	0	0.00375586854460094	0	0	0	0	0	0	0	0	0	0	0	0	0	0	0	0	0	0	0	0	0	0	0	0	0	0	0
D_0__Bacteria;D_1__Proteobacteria;D_2__Gammaproteobacteria;D_3__EPR3968-O8a-Bc78	0	0	0	0	0	0	0	0	0	0	0	0.00334928229665072	0	0	0	0	0	0	0	0	0.00132362673726009	0	0	0	0	0	0	0	0	0	0	0	0	0	0	0	0	0	0	0	0	0	0	0	0	0	0	0	0	0	0
D_0__Bacteria;D_1__Latescibacteria;D_2__uncultured bacterium;D_3__	0	0	0	0	0	0	0	0	0	0	0	0	0	0	0	0	0	0	0	0	0.00198544010589014	0	0	0	0	0	0	0	0	0	0	0	0	0	0	0	0	0	0	0	0	0	0	0	0	0	0	0	0	0	0
D_0__Bacteria;D_1__Fibrobacteres;D_2__Fibrobacteria;D_3__Fibrobacterales	0	0	0	0	0	0	0	0	0	0	0	0	0	0	0	0	0	0	0	0	0.00198544010589014	0	0	0.00187793427230047	0	0	0	0	0	0	0	0	0	0	0	0	0	0	0	0	0	0	0	0	0	0	0	0	0	0	0
D_0__Bacteria;D_1__Elusimicrobia;D_2__Lineage IIa;D_3__uncultured bacterium	0	0	0	0	0	0	0	0	0	0	0	0	0	0	0	0	0	0	0	0	0.00198544010589014	0	0	0	0	0	0	0	0	0	0	0	0	0	0	0	0	0	0	0	0	0	0	0	0	0	0	0	0	0	0
D_0__Bacteria;D_1__Chloroflexi;D_2__OLB14;D_3__metagenome	0	0	0	0	0	0	0	0	0	0	0	0	0	0	0	0	0	0	0	0	0	0	0	0.0028169014084507	0	0	0	0	0	0	0	0	0	0	0	0	0	0	0	0	0	0	0	0	0	0	0	0	0	0	0
D_0__Bacteria;D_1__Acidobacteria;D_2__Acidobacteriia;D_3__Acidobacteriales	0	0	0	0	0	0	0	0	0	0	0	0.00239234449760766	0	0	0	0	0	0	0	0	0	0	0	0.000938967136150235	0	0	0	0	0	0	0	0	0	0	0	0	0	0	0	0	0	0.00360576923076923	0.00746268656716418	0	0	0	0	0	0	0	0
D_0__Bacteria;D_1__Chloroflexi;D_2__Anaerolineae;D_3__RBG-13-54-9	0	0	0	0	0	0	0	0	0	0	0	0	0	0	0	0	0	0	0	0	0.00165453342157512	0	0	0	0	0	0	0	0	0	0	0	0	0	0	0	0	0	0	0	0	0.00120192307692308	0	0	0	0	0	0	0	0	0
D_0__Bacteria;D_1__Acidobacteria;D_2__Acidobacteriia;D_3__Subgroup 2	0	0	0	0	0	0	0	0	0	0	0	0	0	0	0	0	0	0	0	0	0	0	0	0	0	0	0	0	0	0	0	0	0	0	0	0	0	0	0	0	0	0.00300480769230769	0	0	0	0	0	0	0	0	0
D_0__Bacteria;D_1__Actinobacteria;D_2__Actinobacteria;D_3__Glycomycetales	0	0	0	0	0	0	0	0	0	0	0	0.00143540669856459	0	0	0	0	0	0	0	0	0.00099272005294507	0	0	0	0	0	0	0	0	0	0	0	0	0	0	0	0	0	0	0	0	0	0	0	0	0	0	0	0	0	0
D_0__Bacteria;D_1__Acidobacteria;D_2__Subgroup 18;D_3__uncultured bacterium	0	0	0	0	0	0	0	0	0	0	0	0	0	0	0	0	0	0	0	0	0.00099272005294507	0	0	0	0	0	0	0	0	0	0	0	0	0	0	0	0	0	0	0	0	0	0	0	0	0	0	0	0	0	0
D_0__Bacteria;D_1__Acidobacteria;D_2__Subgroup 6;D_3__uncultured bacterium 259	0	0	0	0	0	0	0	0	0	0	0	0	0	0	0	0	0	0	0	0	0	0	0	0	0	0	0	0	0	0	0	0	0	0	0	0	0	0	0	0	0	0.00180288461538462	0	0	0	0	0	0	0	0	0
D_0__Bacteria;D_1__Proteobacteria;D_2__Gammaproteobacteria;D_3__Salinisphaerales	0	0	0	0	0	0	0	0	0	0	0	0	0	0	0	0	0	0	0	0	0	0	0	0	0	0	0	0	0	0	0	0	0	0	0	0	0	0	0	0	0	0.00180288461538462	0	0	0	0	0	0	0	0	0
D_0__Bacteria;D_1__Acidobacteria;D_2__Subgroup 6;D_3__Unknown Order	0	0	0	0.0030441400304414	0	0	0	0	0	0	0	0	0	0	0	0	0	0	0	0	0	0	0	0	0	0	0	0	0	0	0	0	0	0	0	0	0	0	0	0	0	0	0	0	0	0	0	0	0	0	0
D_0__Bacteria;D_1__Chloroflexi;D_2__OLB14;__	0	0	0	0	0.00277777777777778	0	0	0	0	0	0	0	0	0	0	0	0	0	0	0	0	0	0	0	0	0	0	0	0	0	0	0	0	0	0	0	0	0	0	0	0	0	0	0	0	0	0	0	0	0	0
D_0__Bacteria;D_1__Proteobacteria;D_2__Alphaproteobacteria;D_3__Thalassobaculales	0	0	0	0	0	0	0	0	0	0	0.00190657769304099	0	0	0	0	0	0	0	0	0	0	0	0	0	0	0	0	0	0	0	0	0	0	0	0	0	0	0	0	0	0	0	0	0	0	0	0	0	0	0	0
D_0__Bacteria;D_1__Tenericutes;D_2__Mollicutes;D_3__Izimaplasmatales	0	0	0	0	0	0	0	0	0	0	0	0	0	0	0	0	0	0	0	0	0.000661813368630046	0	0	0	0	0	0	0	0	0	0	0	0	0	0	0	0	0	0	0	0	0	0	0	0	0	0	0	0	0	0
D_0__Bacteria;D_1__WPS-2;D_2__metagenome;D_3__	0	0	0	0	0	0	0	0	0	0	0	0	0	0	0	0	0	0	0	0	0	0	0	0.000938967136150235	0	0	0	0	0	0	0	0	0	0	0	0	0	0	0	0	0	0	0	0	0	0	0	0	0	0	0
D_0__Bacteria;D_1__Proteobacteria;D_2__Gammaproteobacteria;__	0	0	0	0	0	0	0	0	0	0	0	0	0	0	0	0	0	0	0	0	0	0	0	0	0	0	0.00181323662737987	0	0	0	0	0	0	0	0	0	0	0	0	0	0	0	0	0	0	0	0	0	0	0	0
D_0__Bacteria;D_1__Chloroflexi;D_2__Ktedonobacteria;D_3__C0119	0	0	0	0	0	0	0	0	0	0	0	0	0	0	0	0	0	0	0	0	0	0	0	0	0	0	0	0	0	0	0	0	0	0	0	0	0	0	0	0.00315955766192733	0	0	0	0	0	0	0	0	0	0	0
D_0__Bacteria;D_1__Cyanobacteria;D_2__Sericytochromatia;__	0	0	0	0	0	0	0	0	0	0	0	0	0	0	0	0	0	0	0	0	0	0	0	0	0	0	0	0	0	0	0	0	0	0	0	0	0	0	0	0.00315955766192733	0	0	0	0	0	0	0	0	0	0	0
D_0__Bacteria;D_1__Proteobacteria;D_2__Deltaproteobacteria;D_3__MBNT15	0	0	0	0	0	0	0	0	0	0	0	0	0	0	0	0	0	0	0	0	0	0	0	0	0	0	0	0	0	0	0	0	0	0	0	0	0	0	0	0	0.00249687890137328	0	0	0	0	0	0	0	0	0	0
D_0__Bacteria;D_1__Firmicutes;D_2__Bacilli;__	0	0	0	0	0	0	0	0	0	0	0	0	0	0	0	0	0	0	0	0	0	0	0	0	0	0	0	0	0	0	0	0	0	0	0	0	0	0	0	0	0	0.00120192307692308	0	0	0	0	0	0	0	0	0
D_0__Bacteria;D_1__Chloroflexi;D_2__TK10;D_3__uncultured bacterium	0	0	0	0	0	0	0	0	0	0	0	0	0	0	0	0	0	0	0	0	0	0	0	0	0	0	0	0	0	0	0	0	0	0	0	0	0	0	0	0	0	0	0	0.00128783000643915	0	0	0	0	0	0	0
D_0__Bacteria;D_1__Actinobacteria;__;__	0	0	0	0	0	0	0	0	0	0	0	0	0	0	0	0	0	0	0	0	0	0	0	0	0	0	0	0	0	0	0	0	0	0	0	0	0	0	0	0	0	0	0	0	0.00171379605826907	0	0	0	0	0	0
