ZG.1	ZG.10	ZG.11	ZG.12	ZG.13	ZG.14	ZG.15	ZG.16	ZG.17	ZG.18	ZG.19	ZG.2	ZG.20	ZG.21	ZG.22	ZG.23	ZG.24	ZG.25	ZG.26	ZG.27	ZG.28	ZG.29	ZG.3	ZG.30	ZG.31	ZG.32	ZG.35	ZG.36	ZG.37	ZG.38	ZG.39	ZG.4	ZG.40	ZG.41	ZG.42	ZG.43	ZG.44	ZG.45	ZG.46	ZG.47	ZG.48	ZG.49	ZG.5	ZG.50	ZG.51	ZG.52	ZG.6	ZG.7	ZG.8	ZG.9	zymo_pos_ct
D_0__Bacteria;D_1__Proteobacteria;D_2__Alphaproteobacteria;D_3__Acetobacterales;D_4__Acetobacteraceae	0.00458505272810637	0	0	0.0402219140083218	0	0	0	0	0	0	0	0.00281293952180028	0	0	0	0	0	0	0	0	0	0	0	0	0	0	0	0	0	0	0.04292343387471	0	0	0.0331412103746398	0	0	0.574728260869565	0	0.0401529636711281	0.0342679127725857	0.0372670807453416	0.790711346266902	0	0.989690721649485	0	0.0200803212851406	0	0	0	0	0
D_0__Bacteria;D_1__Proteobacteria;D_2__Gammaproteobacteria;D_3__Enterobacteriales;D_4__Enterobacteriaceae	0.010087116001834	0	0	0.313453536754508	0.0916030534351145	0.918650793650794	0.109215017064846	0.226666666666667	0	0.36687898089172	0.105263157894737	0.0210970464135021	0.352415026833631	0	0	0.0943396226415094	0	0.132075471698113	0	0	0.0248067010309278	0.018037518037518	0.0603318250377074	0	0.230103806228374	0.0616686819830713	0.558035714285714	0.990406320541761	0.53921568627451	0.742592592592593	0.149651972157773	0	0.814102564102564	0.314121037463977	0.517906336088154	0.892332789559543	0.341032608695652	1	0.952198852772467	0.909657320872274	0.918012422360248	0.0629041740152851	0	0	0	0.016566265060241	0.0556199304750869	0.140458015267176	0.151741293532338	0	0.219178082191781
D_0__Bacteria;D_1__Firmicutes;D_2__Bacilli;D_3__Bacillales;D_4__Bacillaceae	0	0.0353063343717549	0	0.389736477115118	0.039440203562341	0.00793650793650794	0.102389078498294	0	0	0.0700636942675159	0	0.0276605719643694	0.130590339892665	0	0	0	0	0	0.033974358974359	0	0.0183634020618557	0.0115440115440115	0.153846153846154	0.0224618149146451	0	0.128174123337364	0.423214285714286	0	0.396358543417367	0.187037037037037	0.508120649651972	0	0.0737179487179487	0.39193083573487	0.122589531680441	0.0391517128874388	0	0	0	0	0	0	0	0	0.0420091324200913	0.0336345381526104	0	0	0.101990049751244	0	0.126331811263318
D_0__Bacteria;D_1__Actinobacteria;D_2__Actinobacteria;D_3__Micrococcales;D_4__Micrococcaceae	0	0	0	0.0374479889042996	0.0674300254452926	0	0	0.0438095238095238	0.106180665610143	0	0	0.0243788091889358	0	0.0318471337579618	0	0	0	0	0.0256410256410256	0	0.0141752577319588	0.0634920634920635	0.0165912518853695	0	0	0	0	0	0	0	0	0	0	0	0	0	0	0	0	0	0	0.0135214579659024	0.027363184079602	0	0	0	0	0.0320610687022901	0	0	0
D_0__Bacteria;D_1__Proteobacteria;D_2__Alphaproteobacteria;D_3__Rhizobiales;D_4__Xanthobacteraceae	0	0.0280373831775701	0.107966457023061	0	0.10559796437659	0	0	0.125714285714286	0	0	0.0692982456140351	0.0811064228785748	0	0.130219391365888	0	0	0	0	0	0	0.125966494845361	0.0165945165945166	0	0.055256064690027	0	0.0785973397823458	0	0	0	0	0	0	0	0	0.0165289256198347	0	0	0	0	0	0.0285714285714286	0	0	0	0.161643835616438	0.0190763052208835	0	0.0549618320610687	0	0	0
D_0__Bacteria;D_1__Chloroflexi;D_2__KD4-96;__;__	0	0	0	0.00832177531206657	0	0	0	0	0	0	0	0.00093764650726676	0	0	0	0	0	0	0.0333333333333333	0	0.0167525773195876	0.00721500721500722	0	0.0637915543575921	0	0	0	0	0	0	0.00928074245939675	0	0	0	0	0	0	0	0	0	0	0.0135214579659024	0	0	0	0	0	0	0	0	0
D_0__Bacteria;D_1__Proteobacteria;D_2__Gammaproteobacteria;D_3__Pseudomonadales;D_4__Pseudomonadaceae	0.0664832645575424	0	0.0387840670859539	0	0	0.0287698412698413	0	0.0552380952380952	0	0	0.0728070175438597	0	0	0	0	0	0	0	0	0	0	0	0	0	0.0813148788927336	0.0519951632406288	0.0125	0.0028216704288939	0.0294117647058824	0	0.149651972157773	0	0.0769230769230769	0.172910662824208	0.0426997245179063	0.0179445350734095	0	0	0	0	0	0	0	0	0	0	0	0.0351145038167939	0	0.112244897959184	0.0928462709284627
D_0__Bacteria;D_1__Chloroflexi;D_2__KD4-96;D_3__metagenome;D_4__	0	0.0186915887850467	0	0	0	0	0	0	0	0	0	0.0581340834505391	0	0	0	0	0	0	0	0	0	0	0	0	0	0	0	0	0	0	0	0	0	0	0	0	0	0	0	0	0	0	0	0	0	0.0286144578313253	0	0.00305343511450382	0	0	0
D_0__Bacteria;D_1__Firmicutes;D_2__Erysipelotrichia;D_3__Erysipelotrichales;D_4__Erysipelotrichaceae	0	0	0.0283018867924528	0	0	0	0.0511945392491468	0.114285714285714	0	0	0	0	0	0	0.124555160142349	0	0.0555555555555556	0.117400419287212	0.0294871794871795	0.0338201383551115	0	0	0.0980392156862745	0.000898472596585804	0.0968858131487889	0.0507859733978235	0	0	0	0	0	0	0	0	0	0	0	0	0	0	0	0	0.151741293532338	0	0	0	0	0.0717557251908397	0	0	0
D_0__Bacteria;D_1__Proteobacteria;D_2__Alphaproteobacteria;D_3__Rhizobiales;D_4__Devosiaceae	0	0	0	0	0	0	0	0	0	0	0	0	0	0	0	0	0	0.00419287211740042	0.0858974358974359	0	0	0	0	0	0	0	0	0	0	0	0	0	0	0	0	0	0	0	0	0	0	0	0	0	0	0	0	0	0	0	0
D_0__Bacteria;D_1__Firmicutes;D_2__Clostridia;D_3__Clostridiales;D_4__Clostridiaceae 1	0	0	0	0.0624133148404993	0	0	0	0.23047619047619	0	0	0	0	0	0	0	0	0	0.0587002096436059	0.058974358974359	0.0891621829362029	0	0.0454545454545455	0.0889894419306184	0	0.0536332179930796	0	0	0	0	0	0.0765661252900232	0	0	0.0475504322766571	0	0	0	0	0	0	0	0	0	0	0	0	0	0.0580152671755725	0	0	0
D_0__Bacteria;D_1__Proteobacteria;D_2__Gammaproteobacteria;D_3__CCD24;D_4__uncultured bacterium	0	0	0	0	0	0	0	0	0	0	0	0.0323488045007032	0	0	0.138790035587189	0	0	0	0	0	0.0318943298969072	0	0	0.0462713387241689	0	0	0	0	0	0	0	0	0	0	0	0	0	0	0	0	0	0	0	0	0	0.0205823293172691	0	0	0	0	0
D_0__Bacteria;D_1__Actinobacteria;D_2__Thermoleophilia;D_3__Solirubrobacterales;D_4__67-14	0	0	0	0.0124826629680999	0	0	0.0443686006825939	0	0	0	0	0	0	0	0	0	0	0	0	0.0153727901614143	0.0463917525773196	0.0266955266955267	0	0.0557053009883199	0	0	0	0	0	0	0	0	0	0	0	0	0	0	0	0	0	0	0	0	0	0.016566265060241	0	0.0351145038167939	0	0	0
D_0__Bacteria;D_1__Firmicutes;D_2__Clostridia;D_3__Clostridiales;D_4__Peptostreptococcaceae	0	0	0	0	0	0	0	0.0952380952380952	0	0	0	0	0	0	0	0	0	0.0566037735849057	0.0243589743589744	0.0768639508070715	0	0.0165945165945166	0	0	0.0622837370242214	0	0	0	0	0	0	0	0	0	0	0	0	0	0	0	0	0	0	0	0	0	0	0	0	0	0
D_0__Bacteria;D_1__Acidobacteria;D_2__Subgroup 6;__;__	0	0.11214953271028	0	0.00832177531206657	0	0	0	0	0	0	0	0.0970464135021097	0	0.0495399858457183	0	0.162264150943396	0	0	0	0	0.0811855670103093	0.0465367965367965	0	0.127583108715184	0	0	0	0	0	0	0	0	0	0	0	0	0	0	0	0	0	0.0205761316872428	0	0	0	0.0647590361445783	0.0602549246813441	0.0778625954198473	0.114427860696517	0.272108843537415	0
D_0__Bacteria;D_1__Proteobacteria;D_2__Alphaproteobacteria;D_3__Rhizobiales;D_4__Beijerinckiaceae	0.197157267308574	0.0244029075804777	0.019916142557652	0	0	0	0	0	0.150554675118859	0	0	0	0	0	0	0	0	0	0	0	0.0151417525773196	0	0	0.0197663971248877	0	0	0	0	0	0	0	0	0	0	0	0	0	0	0	0	0	0	0	0	0	0	0	0	0	0	0.0060882800608828
D_0__Bacteria;D_1__Proteobacteria;D_2__Alphaproteobacteria;D_3__Rhizobiales;D_4__Pleomorphomonadaceae	0	0	0	0	0	0	0	0	0	0	0	0	0	0	0	0	0	0	0	0.0714834742505765	0	0	0	0	0	0	0	0	0	0	0	0	0	0	0	0	0	0	0	0	0	0	0	0	0	0	0	0	0	0	0
D_0__Bacteria;D_1__Proteobacteria;D_2__Alphaproteobacteria;D_3__Sphingomonadales;D_4__Sphingomonadaceae	0.296194406235672	0	0	0.0208044382801664	0.0826972010178117	0	0	0	0	0.0726114649681529	0	0.0145335208626348	0	0	0	0	0.253086419753086	0	0.0282051282051282	0	0.00998711340206185	0.0162337662337662	0.0588235294117647	0	0.103806228373702	0	0	0	0	0	0	0	0	0	0	0	0	0	0	0	0.00869565217391304	0.00881834215167548	0	0.00708762886597938	0	0	0.0683661645422943	0.0625954198473282	0.0895522388059701	0.23469387755102	0
D_0__Bacteria;D_1__Acidobacteria;D_2__Subgroup 5;__;__	0	0.0119418483904465	0	0	0	0	0.162116040955631	0	0	0	0	0.0070323488045007	0	0	0	0	0	0	0	0	0	0	0	0	0	0	0	0	0	0	0	0	0	0	0	0	0	0	0	0	0	0	0	0	0	0	0	0	0	0	0
D_0__Bacteria;D_1__Proteobacteria;D_2__Gammaproteobacteria;D_3__Betaproteobacteriales;D_4__Nitrosomonadaceae	0	0.114226375908619	0	0.00277392510402219	0	0	0	0	0	0	0.0815789473684211	0.0168776371308017	0	0	0.131672597864769	0	0	0.230607966457023	0	0.0338201383551115	0.00644329896907216	0.018037518037518	0.0512820512820513	0.0130278526504942	0	0	0	0	0	0	0	0	0	0	0	0	0	0	0	0	0	0	0.141791044776119	0	0	0.0240963855421687	0.0254924681344148	0	0	0	0
D_0__Bacteria;D_1__Actinobacteria;D_2__Thermoleophilia;D_3__Gaiellales;__	0	0.00467289719626168	0	0	0.0165394402035623	0	0	0	0.0380348652931854	0	0	0	0	0	0	0	0	0	0	0	0.0289948453608247	0	0	0.0354896675651393	0	0	0	0	0	0	0	0	0	0	0	0	0	0	0	0	0	0	0	0	0	0	0	0	0	0	0
D_0__Bacteria;D_1__Actinobacteria;D_2__Thermoleophilia;D_3__Gaiellales;D_4__Gaiellaceae	0	0	0.0408805031446541	0.0194174757281553	0	0	0.0426621160409556	0	0	0	0	0.052977027660572	0	0.075725406935598	0	0	0	0	0	0	0.047680412371134	0	0	0.00808625336927224	0	0	0	0	0	0	0	0.073558648111332	0	0	0	0	0	0	0	0.0218068535825545	0	0	0	0	0	0	0	0	0	0	0
D_0__Bacteria;D_1__Actinobacteria;D_2__Actinobacteria;D_3__Micrococcales;D_4__Microbacteriaceae	0.192113709307657	0	0	0	0.0089058524173028	0	0	0	0	0	0	0	0	0.0382165605095541	0	0	0	0	0	0.0653343581860108	0.00902061855670103	0	0	0	0.0207612456747405	0	0	0	0	0	0	0	0.0256410256410256	0	0.152892561983471	0.0473083197389886	0.0842391304347826	0	0	0	0	0	0	0	0	0	0	0	0	0.0272108843537415	0
D_0__Bacteria;D_1__Firmicutes;D_2__Bacilli;D_3__Bacillales;D_4__Paenibacillaceae	0	0	0	0	0	0	0	0	0	0	0	0	0	0	0	0	0	0	0	0	0	0	0	0	0	0	0	0	0	0	0	0	0	0	0	0	0	0	0	0	0	0	0	0	0	0.0356425702811245	0	0	0	0	0
D_0__Bacteria;D_1__Proteobacteria;D_2__Gammaproteobacteria;D_3__Gammaproteobacteria Incertae Sedis;D_4__Unknown Family	0	0	0	0.00277392510402219	0	0	0	0	0	0	0.0429824561403509	0	0	0	0	0	0	0	0	0	0.0264175257731959	0	0	0.0202156334231806	0	0.0459492140266022	0	0	0	0	0	0	0	0	0	0	0	0	0	0	0	0.00529100529100529	0	0	0	0	0	0	0	0	0
D_0__Bacteria;D_1__Actinobacteria;D_2__Actinobacteria;D_3__Corynebacteriales;D_4__Nocardiaceae	0	0	0	0	0	0	0	0	0	0	0.0570175438596491	0	0	0	0	0	0	0	0	0	0.0038659793814433	0	0	0	0	0	0	0	0	0	0	0	0	0	0	0	0	0	0	0	0	0	0	0	0	0	0	0	0	0	0
D_0__Bacteria;D_1__Proteobacteria;D_2__Alphaproteobacteria;D_3__Rhizobiales;D_4__Hyphomicrobiaceae	0	0	0	0.00554785020804438	0	0	0	0	0	0	0	0.0492264416315049	0.0572450805008945	0.0502476999292286	0	0	0.104938271604938	0	0.0128205128205128	0	0.0341494845360825	0.0104617604617605	0	0.0112309074573226	0	0.0241837968561064	0	0	0	0	0	0	0	0	0	0	0	0	0	0	0	0	0	0	0	0.0145582329317269	0	0	0	0	0
D_0__Bacteria;D_1__Proteobacteria;D_2__Gammaproteobacteria;D_3__Betaproteobacteriales;D_4__Burkholderiaceae	0.160476845483723	0	0	0	0	0	0.0733788395904437	0	0.0618066561014263	0	0	0.0271917487107361	0	0.0261854210898797	0	0	0	0	0	0	0	0.0191197691197691	0	0.00494159928122192	0	0	0	0	0	0	0	0.151093439363817	0	0	0	0	0	0	0	0	0	0.00470311581422693	0.0472636815920398	0	0.0392694063926941	0.0225903614457831	0.0845886442641947	0	0	0	0
D_0__Bacteria;D_1__Acidobacteria;D_2__Acidobacteriia;D_3__Solibacterales;D_4__Solibacteraceae (Subgroup 3)	0.000917010545621275	0.0160955347871236	0	0	0	0	0	0	0	0	0	0	0	0	0	0	0	0	0	0	0.00966494845360825	0.034992784992785	0.00452488687782805	0	0	0	0	0	0	0	0	0	0	0	0	0	0	0	0	0	0	0.00117577895355673	0.0970149253731343	0.00193298969072165	0	0	0	0	0	0	0
D_0__Bacteria;D_1__Patescibacteria;D_2__Saccharimonadia;D_3__Saccharimonadales;D_4__Saccharimonadaceae	0	0	0	0	0	0	0	0	0	0	0	0	0	0	0	0	0	0	0.0371794871794872	0.0599538816295158	0	0.00901875901875902	0	0	0	0	0	0	0	0	0	0	0	0	0	0	0	0	0	0	0	0	0	0	0	0	0	0	0	0	0
D_0__Bacteria;D_1__Firmicutes;D_2__Bacilli;D_3__Lactobacillales;D_4__Enterococcaceae	0	0	0	0	0	0	0	0	0	0	0	0	0	0	0	0	0	0	0	0.06456571867794	0	0	0	0	0	0	0	0	0	0	0	0	0	0	0	0	0	0	0	0	0	0	0	0	0	0	0	0	0	0	0.0745814307458143
D_0__Bacteria;D_1__Actinobacteria;D_2__Acidimicrobiia;D_3__Microtrichales;D_4__Ilumatobacteraceae	0	0	0.019916142557652	0	0	0	0	0	0	0	0.0315789473684211	0	0	0.0276008492569002	0	0	0.0679012345679012	0	0	0	0.0264175257731959	0.0104617604617605	0	0.036837376460018	0	0	0	0	0	0	0	0	0	0	0	0	0	0	0	0	0	0	0	0	0.0319634703196347	0	0	0	0	0	0
D_0__Bacteria;D_1__Gemmatimonadetes;D_2__Longimicrobia;D_3__Longimicrobiales;D_4__Longimicrobiaceae	0	0	0	0	0	0	0	0	0	0	0.0631578947368421	0	0	0	0	0	0	0	0.0224358974358974	0	0	0	0	0	0	0	0	0	0	0	0	0	0	0	0	0	0	0	0	0	0	0	0	0	0	0	0	0	0	0	0.0030441400304414
D_0__Bacteria;D_1__Firmicutes;D_2__Clostridia;D_3__Clostridiales;D_4__Lachnospiraceae	0	0	0	0	0	0	0	0	0	0	0.0631578947368421	0	0	0	0	0	0	0.0587002096436059	0.042948717948718	0	0	0	0	0.00179694519317161	0	0	0	0	0	0	0.00580046403712297	0	0	0	0	0	0	0	0	0	0	0	0	0	0	0	0	0	0	0	0
D_0__Bacteria;D_1__Rokubacteria;D_2__NC10;D_3__Rokubacteriales;__	0	0	0	0	0	0	0	0	0	0	0	0.0145335208626348	0	0	0	0	0	0	0	0	0	0	0	0.018418688230009	0	0	0	0	0	0	0	0	0	0	0	0	0	0	0	0	0	0	0	0	0	0	0	0	0	0	0
D_0__Bacteria;D_1__Chloroflexi;D_2__Chloroflexia;D_3__Thermomicrobiales;D_4__JG30-KF-CM45	0	0	0	0	0	0	0	0	0	0	0.0614035087719298	0	0	0	0	0	0	0	0	0	0.00708762886597938	0.0335497835497836	0	0.00134770889487871	0	0	0	0	0	0	0	0	0	0	0	0	0	0	0	0	0	0	0	0	0	0	0	0	0	0	0
D_0__Bacteria;D_1__Actinobacteria;D_2__Actinobacteria;D_3__Propionibacteriales;D_4__Nocardioidaceae	0	0	0	0	0	0	0	0	0	0	0	0.0398499765588373	0	0	0	0	0	0	0.0448717948717949	0	0	0	0.057315233785822	0	0	0	0	0	0	0	0	0.117296222664016	0	0	0	0	0	0	0	0	0	0	0	0	0.0538812785388128	0	0.0961761297798378	0	0	0	0
D_0__Bacteria;D_1__Chloroflexi;D_2__Ktedonobacteria;D_3__Ktedonobacterales;D_4__Ktedonobacteraceae	0	0	0	0	0	0	0	0	0	0	0	0	0	0	0	0	0	0	0	0.05380476556495	0	0	0	0.00404312668463612	0	0	0	0	0	0	0	0	0	0	0	0	0	0	0	0	0	0	0	0	0	0	0	0	0	0	0
D_0__Bacteria;D_1__Actinobacteria;D_2__Acidimicrobiia;D_3__IMCC26256;__	0	0.00623052959501558	0	0	0	0	0	0	0	0	0	0	0	0	0	0	0	0	0	0	0	0	0	0	0	0	0	0	0	0	0	0.139165009940358	0	0	0	0	0	0	0	0	0	0	0	0	0	0	0	0	0	0	0
D_0__Bacteria;D_1__Elusimicrobia;D_2__Elusimicrobia;D_3__Lineage IV;D_4__metagenome	0	0	0	0	0	0	0	0	0	0	0	0	0	0.0488322717622081	0	0	0	0	0	0	0	0	0	0	0	0	0	0	0	0	0	0	0	0	0	0	0	0	0	0	0	0	0	0	0	0	0	0	0	0	0
D_0__Bacteria;D_1__Acidobacteria;D_2__Subgroup 6;D_3__uncultured Acidobacteriaceae bacterium;D_4__	0	0	0	0	0	0	0	0	0	0	0	0	0	0	0	0	0	0	0	0	0.022229381443299	0	0	0	0	0	0	0	0	0	0	0	0	0	0	0	0	0	0	0	0	0	0	0	0	0	0	0	0	0	0
D_0__Bacteria;D_1__Proteobacteria;D_2__Deltaproteobacteria;D_3__Myxococcales;D_4__bacteriap25	0	0	0	0	0	0	0	0	0	0	0	0.0210970464135021	0	0	0	0	0	0	0	0	0.022229381443299	0	0	0	0	0	0	0	0	0	0	0	0	0	0	0	0	0	0	0	0	0	0	0	0	0	0	0	0	0	0
D_0__Bacteria;D_1__Bacteroidetes;D_2__Bacteroidia;D_3__Flavobacteriales;D_4__Weeksellaceae	0.0073360843649702	0	0	0	0	0	0	0	0	0	0	0	0	0	0	0.218867924528302	0	0	0	0.164488854727133	0	0	0	0	0	0	0	0	0	0	0	0	0	0	0	0	0	0	0	0	0	0	0	0	0	0	0	0	0	0	0
D_0__Bacteria;D_1__Actinobacteria;D_2__Acidimicrobiia;D_3__Actinomarinales;D_4__uncultured	0	0	0	0.00277392510402219	0	0	0	0	0	0	0	0.0103141115799344	0	0	0	0	0	0	0	0	0	0	0.0799396681749623	0	0	0	0	0	0	0	0	0	0	0	0	0	0	0	0	0	0	0	0	0	0	0.0336345381526104	0	0	0	0	0
D_0__Bacteria;D_1__Planctomycetes;D_2__Planctomycetacia;D_3__Gemmatales;D_4__Gemmataceae	0	0	0	0	0.089058524173028	0	0	0	0	0.0280254777070064	0	0	0	0.0488322717622081	0	0	0	0	0	0	0	0.0591630591630592	0	0.00449236298292902	0	0.0326481257557437	0	0	0	0	0	0	0	0	0	0	0	0	0	0	0	0	0	0	0.0867579908675799	0	0	0	0.0472636815920398	0	0
D_0__Bacteria;D_1__Proteobacteria;D_2__Gammaproteobacteria;D_3__Betaproteobacteriales;D_4__Methylophilaceae	0	0	0	0	0	0	0	0	0	0	0	0	0	0	0	0	0	0	0	0	0	0	0	0	0.0121107266435986	0	0	0	0	0	0	0	0	0	0	0	0	0	0	0	0	0	0.0995024875621891	0	0	0.0326305220883534	0	0	0	0	0
D_0__Bacteria;D_1__Proteobacteria;D_2__Deltaproteobacteria;D_3__Myxococcales;__	0	0	0.0545073375262055	0	0	0	0.110921501706485	0	0	0	0	0	0	0	0	0	0	0	0	0	0	0	0	0	0	0	0	0	0	0	0	0	0	0	0	0	0	0	0	0	0	0	0	0	0	0	0	0	0	0	0
D_0__Bacteria;D_1__Firmicutes;D_2__Clostridia;D_3__Clostridiales;D_4__Syntrophomonadaceae	0	0	0	0	0	0	0	0	0	0	0	0	0	0.0481245576786978	0	0	0	0	0	0	0	0	0	0	0	0	0	0	0	0	0	0	0	0	0	0	0	0	0	0	0	0	0	0	0	0	0	0	0.0870646766169154	0	0
D_0__Bacteria;D_1__Proteobacteria;D_2__Deltaproteobacteria;D_3__Myxococcales;D_4__Sandaracinaceae	0	0.0254413291796469	0	0	0	0	0	0	0	0	0	0	0	0	0	0	0	0	0	0.00768639508070715	0.00128865979381443	0.0317460317460317	0	0	0	0	0	0	0	0	0	0	0	0	0	0	0	0	0	0	0	0.00117577895355673	0	0	0.073972602739726	0	0	0.00610687022900763	0	0	0
D_0__Bacteria;D_1__Chloroflexi;D_2__JG30-KF-CM66;D_3__uncultured bacterium;D_4__	0	0	0	0	0	0	0	0	0	0	0	0	0	0	0	0	0	0	0	0	0.00257731958762887	0	0	0	0	0	0	0	0	0	0	0	0	0	0	0	0	0	0	0	0	0	0	0	0.0593607305936073	0	0	0	0	0	0
D_0__Bacteria;D_1__Acidobacteria;D_2__Blastocatellia (Subgroup 4);D_3__11-24;D_4__uncultured bacterium	0	0	0	0	0	0	0	0	0	0	0	0	0	0	0	0	0	0	0	0	0.0157860824742268	0.0227272727272727	0	0	0	0	0	0	0	0	0	0	0	0	0	0	0	0	0	0	0	0	0	0	0	0	0	0	0	0	0
D_0__Bacteria;D_1__Proteobacteria;D_2__Alphaproteobacteria;D_3__Reyranellales;D_4__Reyranellaceae	0	0.0129802699896158	0	0.00416088765603329	0	0	0	0	0	0	0	0	0.037567084078712	0	0	0	0	0.0545073375262055	0	0	0	0	0	0.00224618149146451	0.0570934256055363	0.0761789600967352	0	0	0	0	0	0	0	0	0	0	0	0	0	0	0	0	0	0	0	0	0	0	0	0	0
D_0__Bacteria;D_1__Bacteroidetes;D_2__Bacteroidia;D_3__Sphingobacteriales;D_4__FFCH9454	0	0	0	0	0	0	0	0	0	0	0	0	0	0	0	0	0	0	0	0	0	0	0	0	0	0	0	0	0	0	0	0	0	0	0	0	0	0	0	0	0	0	0	0	0.0575342465753425	0	0	0	0	0	0
D_0__Bacteria;D_1__Proteobacteria;D_2__Gammaproteobacteria;D_3__Xanthomonadales;D_4__Xanthomonadaceae	0	0.0597092419522326	0	0	0	0	0	0	0	0.0165605095541401	0	0.00375058602906704	0	0.0495399858457183	0	0.0867924528301887	0	0	0	0	0	0.016955266955267	0	0.00673854447439353	0	0	0	0	0	0	0	0	0	0.0100864553314121	0	0	0	0	0	0	0	0.00117577895355673	0	0	0	0	0	0	0.0522388059701493	0	0
D_0__Bacteria;D_1__Patescibacteria;D_2__Saccharimonadia;D_3__Saccharimonadales;D_4__uncultured bacterium	0	0	0.0649895178197065	0.00554785020804438	0	0	0	0	0	0	0	0.00375058602906704	0	0	0	0	0	0	0	0	0	0	0	0	0	0	0	0	0	0	0	0.00397614314115308	0	0	0	0	0	0	0	0	0	0	0	0	0	0	0	0	0.0671641791044776	0	0
D_0__Bacteria;D_1__Proteobacteria;D_2__Deltaproteobacteria;D_3__Myxococcales;D_4__BIrii41	0	0	0	0	0	0	0	0	0.098256735340729	0.0165605095541401	0	0	0	0.0290162774239207	0	0	0	0	0	0	0.0038659793814433	0.00252525252525253	0	0	0	0	0	0	0	0	0	0	0	0	0	0	0	0	0.00382409177820268	0	0	0	0	0	0	0	0	0	0	0	0
D_0__Bacteria;D_1__Proteobacteria;D_2__Alphaproteobacteria;D_3__Rickettsiales;D_4__SM2D12	0	0	0	0	0	0	0	0	0	0	0.0543859649122807	0	0	0	0	0	0	0	0	0	0	0	0	0	0	0	0	0	0	0	0	0	0	0	0	0	0	0	0	0	0	0	0	0	0	0	0	0	0	0	0
D_0__Bacteria;D_1__Chloroflexi;D_2__Anaerolineae;D_3__Anaerolineales;D_4__Anaerolineaceae	0	0	0	0	0	0	0	0	0	0	0	0.00328176277543366	0	0	0	0	0	0	0	0	0	0	0	0	0	0	0	0	0	0	0	0	0	0	0	0	0	0	0	0.00311526479750779	0	0	0.154228855721393	0	0	0	0	0	0	0	0
D_0__Bacteria;D_1__Elusimicrobia;D_2__Lineage IIb;D_3__uncultured bacterium;D_4__	0	0	0	0	0	0	0	0	0.0966719492868463	0	0	0	0	0	0	0	0	0	0	0	0	0	0	0	0	0	0	0	0	0	0	0	0	0	0	0	0	0	0	0	0	0	0	0	0	0	0	0	0	0	0
D_0__Bacteria;D_1__Proteobacteria;D_2__Gammaproteobacteria;D_3__Aeromonadales;D_4__Aeromonadaceae	0	0	0	0	0	0	0	0	0.0966719492868463	0	0	0	0	0	0	0	0	0	0	0.026902382782475	0	0	0	0	0	0	0	0	0	0	0	0	0	0	0	0	0	0	0	0	0	0	0	0	0	0	0	0	0	0	0
D_0__Bacteria;D_1__Actinobacteria;D_2__Thermoleophilia;D_3__Gaiellales;D_4__uncultured	0	0.0192107995846314	0	0	0	0	0	0	0	0	0	0	0	0	0	0	0	0	0	0	0	0.0191197691197691	0	0.01392632524708	0	0.0532043530834341	0	0	0	0	0	0	0	0	0	0	0	0	0	0	0	0.00529100529100529	0	0	0	0.0376506024096386	0.0370799536500579	0.0473282442748092	0	0	0
D_0__Bacteria;D_1__Actinobacteria;D_2__Acidimicrobiia;D_3__Microtrichales;D_4__Iamiaceae	0	0	0.0262054507337526	0	0	0	0	0	0	0	0	0.0107829348335677	0	0	0	0	0	0	0	0	0.00902061855670103	0	0	0	0	0	0	0	0	0	0	0	0	0	0	0	0	0	0	0	0	0	0	0	0	0.00903614457831325	0	0	0	0	0
D_0__Bacteria;D_1__Acidobacteria;D_2__Thermoanaerobaculia;D_3__Thermoanaerobaculales;D_4__Thermoanaerobaculaceae	0	0	0	0	0	0	0	0	0	0	0	0.00843881856540084	0	0.0368011323425336	0	0	0	0	0	0	0.0038659793814433	0.0202020202020202	0	0.00539083557951483	0	0	0	0	0	0	0	0.121272365805169	0	0	0	0	0	0	0	0	0	0	0	0	0	0	0.0173812282734647	0.00458015267175573	0	0	0
D_0__Bacteria;D_1__Planctomycetes;D_2__Phycisphaerae;D_3__Tepidisphaerales;D_4__WD2101 soil group	0	0	0	0	0	0	0	0	0.0950871632329636	0	0	0.0103141115799344	0	0	0	0	0	0	0	0	0.00418814432989691	0	0	0.00134770889487871	0	0	0	0	0	0	0	0	0	0	0	0	0	0	0	0	0	0.0017636684303351	0	0	0.0447488584474886	0	0.0266512166859791	0	0	0	0
D_0__Bacteria;D_1__Chloroflexi;D_2__Chloroflexia;D_3__Chloroflexales;D_4__Roseiflexaceae	0	0	0.0178197064989518	0	0	0	0	0	0	0	0	0	0	0	0	0	0	0	0	0	0.0038659793814433	0.0216450216450216	0	0	0	0	0	0	0.00280112044817927	0	0	0	0	0	0	0	0	0	0	0	0.00248447204968944	0	0	0	0	0	0	0	0	0	0
D_0__Bacteria;D_1__Firmicutes;D_2__Bacilli;D_3__Bacillales;D_4__Thermoactinomycetaceae	0	0	0	0	0	0	0	0	0	0	0	0	0	0	0	0	0	0	0	0	0	0	0	0	0	0	0	0	0	0	0	0	0	0	0	0	0	0	0	0	0	0	0	0	0	0.0235943775100402	0	0	0	0	0
D_0__Bacteria;D_1__Planctomycetes;D_2__Planctomycetacia;D_3__Pirellulales;D_4__Pirellulaceae	0	0	0	0	0	0	0	0	0	0	0	0.00843881856540084	0	0.0184005661712668	0	0	0	0	0	0	0.00902061855670103	0	0.0603318250377074	0.0157232704402516	0	0	0	0	0.00280112044817927	0	0	0	0	0	0	0	0	0	0	0	0.00248447204968944	0	0	0	0.028310502283105	0.0296184738955823	0.0683661645422943	0	0	0	0
D_0__Bacteria;D_1__Acidobacteria;D_2__Blastocatellia (Subgroup 4);D_3__Blastocatellales;D_4__Blastocatellaceae	0	0	0.0157232704402516	0	0.0585241730279898	0	0	0	0	0	0	0.0023441162681669	0	0	0	0	0	0	0	0	0	0	0	0.00673854447439353	0	0	0	0	0	0	0	0	0	0	0	0	0	0	0	0	0	0	0	0	0	0	0	0	0.149253731343284	0	0
D_0__Bacteria;D_1__Firmicutes;D_2__Bacilli;D_3__Lactobacillales;D_4__Leuconostocaceae	0	0	0	0	0	0.0119047619047619	0	0	0	0.0751592356687898	0	0	0	0	0	0	0	0	0	0	0	0	0	0	0	0	0	0.00564334085778781	0	0	0	0	0	0	0	0	0	0	0	0	0	0	0	0	0	0	0	0	0	0	0
D_0__Bacteria;D_1__Firmicutes;D_2__Bacilli;D_3__Lactobacillales;D_4__Streptococcaceae	0	0	0	0.00970873786407767	0	0	0	0.0361904761904762	0	0	0	0	0.105545617173524	0	0	0	0	0	0	0.0553420445810915	0	0	0	0	0	0	0	0	0.0238095238095238	0.0648148148148148	0	0	0	0	0.147382920110193	0	0	0	0	0	0	0	0	0	0	0	0	0	0	0	0
D_0__Bacteria;D_1__Acidobacteria;D_2__Subgroup 6;D_3__uncultured Acidobacteria bacterium;D_4__	0	0	0	0	0.0737913486005089	0.00892857142857143	0	0	0	0	0	0	0	0	0	0	0	0	0	0	0	0	0	0	0	0	0	0	0	0	0	0	0	0	0	0	0	0	0	0	0	0	0	0	0	0	0	0	0	0	0
D_0__Bacteria;D_1__Acidobacteria;D_2__Subgroup 6;D_3__uncultured bacterium;D_4__	0	0.00882658359293873	0.0115303983228512	0	0	0	0	0	0	0	0	0	0	0	0	0	0	0	0	0	0	0.0209235209235209	0	0	0	0	0	0	0	0	0	0	0	0	0	0	0	0	0	0	0	0	0	0	0	0	0	0	0	0	0
D_0__Bacteria;D_1__Firmicutes;D_2__Bacilli;D_3__Bacillales;__	0	0	0	0	0	0	0	0	0	0	0	0	0	0	0	0	0	0	0	0	0	0	0	0	0	0	0	0	0	0	0	0	0	0	0	0	0	0	0	0	0	0	0	0	0.0529680365296804	0	0	0	0	0	0
D_0__Bacteria;D_1__Bacteroidetes;D_2__Bacteroidia;D_3__Chitinophagales;D_4__Chitinophagaceae	0	0	0	0	0	0.00992063492063492	0	0	0	0	0.0473684210526316	0.0103141115799344	0	0	0	0	0	0	0.0532051282051282	0	0.00289948453608247	0.0299422799422799	0	0	0.0813148788927336	0	0	0	0	0	0	0	0	0	0	0	0	0	0.00382409177820268	0	0	0	0	0	0.0429223744292237	0	0	0	0	0	0
D_0__Bacteria;D_1__Rokubacteria;D_2__NC10;D_3__Rokubacteriales;D_4__uncultured proteobacterium	0	0	0	0	0	0	0	0	0	0	0	0	0	0	0	0	0	0	0	0	0.0183634020618557	0	0	0	0	0	0	0	0	0	0	0	0	0	0	0	0	0	0	0	0	0	0	0	0	0	0	0	0	0	0
D_0__Bacteria;D_1__Chloroflexi;D_2__KD4-96;D_3__uncultured bacterium;D_4__	0	0.0259605399792316	0	0	0.0101781170483461	0	0	0	0	0	0	0.0107829348335677	0	0	0	0	0	0	0	0	0.00483247422680412	0	0	0.0256064690026954	0	0	0	0	0	0	0	0	0	0	0	0	0	0	0	0	0	0	0	0	0	0	0	0	0	0	0.0030441400304414
D_0__Bacteria;D_1__Actinobacteria;D_2__Actinobacteria;D_3__Frankiales;D_4__Geodermatophilaceae	0	0.00882658359293873	0	0	0	0	0	0	0	0	0	0	0	0	0	0	0	0	0	0	0	0	0	0.00584007187780773	0	0	0	0	0	0	0	0	0	0	0	0	0	0	0	0	0	0	0	0	0	0	0	0	0	0	0
D_0__Bacteria;D_1__Actinobacteria;D_2__Actinobacteria;D_3__Streptosporangiales;D_4__Thermomonosporaceae	0	0.053478712357217	0	0	0	0	0	0	0.0538827258320127	0	0	0	0	0	0	0	0	0	0	0	0	0	0	0.00134770889487871	0	0.0241837968561064	0	0	0	0	0	0	0	0	0	0	0	0	0	0	0	0	0	0	0	0	0	0	0	0	0
D_0__Bacteria;D_1__Actinobacteria;D_2__Actinobacteria;D_3__Kineosporiales;D_4__Kineosporiaceae	0.0119211370930766	0	0.0587002096436059	0	0	0	0	0	0	0	0	0	0	0	0	0	0	0	0	0	0	0	0	0	0	0	0	0	0	0	0	0	0	0	0	0	0	0	0	0	0	0	0	0	0	0	0	0	0	0	0
D_0__Bacteria;D_1__Cyanobacteria;D_2__Melainabacteria;D_3__Obscuribacterales;D_4__uncultured bacterium	0	0	0	0	0.0801526717557252	0	0	0	0	0	0	0	0	0	0.142348754448399	0	0	0	0	0.0622598001537279	0	0	0.0482654600301659	0	0	0	0	0	0	0	0	0	0	0	0	0	0	0	0	0	0	0	0	0	0	0	0	0	0	0	0
D_0__Bacteria;D_1__Bacteroidetes;D_2__Bacteroidia;D_3__Cytophagales;D_4__Cyclobacteriaceae	0	0	0	0	0	0	0	0	0	0	0	0	0	0	0	0	0	0	0.0358974358974359	0	0	0	0	0	0	0	0	0	0	0	0	0	0	0	0	0	0	0	0	0	0	0	0	0	0	0	0	0	0	0	0
D_0__Bacteria;D_1__Acidobacteria;D_2__Subgroup 17;__;__	0	0	0	0	0	0	0	0	0	0	0	0	0	0	0	0	0	0	0	0	0.00740979381443299	0	0	0	0	0.0628778718258767	0	0	0	0	0	0	0	0	0	0	0	0	0	0	0	0	0	0	0	0	0	0	0	0	0
D_0__Bacteria;D_1__Bacteroidetes;D_2__Bacteroidia;D_3__Cytophagales;D_4__Hymenobacteraceae	0	0	0	0	0	0	0	0	0	0	0	0	0	0	0	0	0	0	0.0134615384615385	0	0	0	0	0	0	0	0	0	0	0	0	0	0	0	0	0	0	0	0	0	0	0	0	0	0	0.0276104417670683	0	0	0	0	0
D_0__Bacteria;D_1__Firmicutes;D_2__Bacilli;D_3__Bacillales;D_4__Planococcaceae	0	0	0	0	0	0	0	0	0	0	0	0	0	0.0389242745930644	0	0	0	0	0.0461538461538462	0	0	0	0	0	0	0	0	0	0	0	0.0580046403712297	0	0	0.0230547550432277	0	0	0	0	0	0	0	0	0	0	0	0	0	0	0	0	0
D_0__Bacteria;D_1__Actinobacteria;D_2__Actinobacteria;D_3__Corynebacteriales;D_4__Corynebacteriaceae	0	0	0.0167714884696017	0	0	0	0	0	0	0	0	0	0.0572450805008945	0	0	0	0	0	0	0.0253651037663336	0	0.0328282828282828	0.0784313725490196	0	0	0	0	0	0	0	0	0	0	0	0	0	0	0	0	0	0	0	0	0	0	0	0.048667439165701	0	0	0	0
D_0__Bacteria;D_1__Actinobacteria;D_2__Actinobacteria;D_3__Pseudonocardiales;D_4__Pseudonocardiaceae	0	0	0.122641509433962	0	0	0	0	0	0	0	0	0.0154711673699015	0	0	0.096085409252669	0	0	0	0	0	0.0132087628865979	0.00360750360750361	0	0.0247079964061096	0	0	0	0	0	0	0	0	0	0	0	0	0	0	0	0.00311526479750779	0	0	0.0199004975124378	0	0	0.0235943775100402	0	0	0	0	0
D_0__Bacteria;D_1__Firmicutes;D_2__Clostridia;D_3__Clostridiales;D_4__Family XI	0	0	0	0	0	0	0	0	0	0	0	0	0	0	0	0	0	0	0	0	0	0	0	0	0	0	0	0	0	0	0	0	0	0	0	0	0	0	0	0	0	0	0	0	0.0502283105022831	0	0	0	0	0	0
D_0__Bacteria;D_1__Patescibacteria;D_2__Saccharimonadia;D_3__Saccharimonadales;__	0	0	0	0	0	0	0	0.00380952380952381	0	0	0	0	0	0	0	0	0.037037037037037	0	0.00256410256410256	0	0	0	0	0	0	0	0	0	0	0	0	0	0	0	0	0	0	0	0	0	0	0	0	0	0	0	0.0637311703360371	0	0	0	0
D_0__Bacteria;D_1__Planctomycetes;D_2__OM190;D_3__uncultured bacterium;D_4__	0	0	0	0	0	0	0	0	0	0.0254777070063694	0	0	0	0	0	0	0	0	0	0	0.00193298969072165	0	0	0.00673854447439353	0	0	0	0	0	0	0	0	0	0	0	0	0	0	0	0	0	0	0	0	0	0.0271084337349398	0	0	0	0	0
D_0__Bacteria;D_1__Chloroflexi;D_2__Gitt-GS-136;D_3__uncultured bacterium;D_4__	0	0.0233644859813084	0.0555555555555556	0	0	0	0	0	0	0	0	0.023441162681669	0	0	0	0	0	0	0	0	0.0235180412371134	0.0133477633477633	0	0.00853548966756514	0	0.0193470374848851	0	0	0.00560224089635854	0	0	0	0	0	0	0	0	0	0	0	0	0	0	0	0	0	0	0	0	0	0
D_0__Bacteria;D_1__Proteobacteria;D_2__Deltaproteobacteria;D_3__Myxococcales;D_4__Haliangiaceae	0	0	0	0	0.00254452926208651	0	0	0	0	0.0764331210191083	0.0157894736842105	0.0126582278481013	0	0.0212314225053079	0	0	0	0.0943396226415094	0	0	0.0154639175257732	0.0126262626262626	0	0.00988319856244385	0	0	0	0	0	0	0	0	0	0	0	0	0	0	0	0	0	0.00470311581422693	0	0	0	0	0	0	0	0	0
D_0__Bacteria;D_1__Chloroflexi;D_2__Dehalococcoidia;D_3__S085;D_4__uncultured Chloroflexi bacterium	0	0	0	0	0	0	0	0	0	0	0	0	0	0	0	0	0	0	0	0	0	0	0	0	0	0	0	0	0	0	0	0	0	0	0	0	0	0	0	0	0	0	0	0	0	0.0266064257028112	0	0	0	0	0
D_0__Bacteria;D_1__Latescibacteria;D_2__Latescibacteria;D_3__Latescibacterales;D_4__Latescibacteraceae	0	0.0269989615784008	0	0	0	0	0	0	0	0	0	0.00187529301453352	0	0	0	0	0	0	0	0	0	0	0	0	0	0	0	0	0	0	0	0	0	0	0	0	0	0	0	0	0	0	0	0	0	0	0	0	0	0	0
D_0__Bacteria;D_1__Proteobacteria;D_2__Alphaproteobacteria;D_3__uncultured;D_4__metagenome	0	0	0.0545073375262055	0	0	0	0	0	0	0	0	0	0	0	0	0	0	0	0	0	0	0	0	0	0	0	0	0	0	0	0	0	0	0	0	0	0	0	0	0	0	0	0	0	0	0	0	0	0	0	0
D_0__Bacteria;D_1__Actinobacteria;D_2__Actinobacteria;D_3__Streptomycetales;D_4__Streptomycetaceae	0	0	0	0	0.0203562340966921	0.00496031746031746	0	0	0	0	0.0201754385964912	0	0	0	0	0	0	0.00628930817610063	0	0	0	0.012987012987013	0	0.0233602875112309	0	0	0	0	0	0	0	0.0318091451292246	0.00961538461538462	0	0	0	0	0	0	0	0	0	0	0	0	0.0210843373493976	0	0	0	0	0
D_0__Bacteria;D_1__Proteobacteria;D_2__Deltaproteobacteria;D_3__RCP2-54;D_4__metagenome	0	0	0	0	0	0	0	0	0	0	0	0	0	0	0	0	0	0	0	0	0	0	0	0	0	0	0	0	0	0	0	0	0	0	0	0	0	0	0	0	0	0	0	0	0	0.0261044176706827	0	0	0	0	0
D_0__Bacteria;D_1__Bacteroidetes;D_2__Bacteroidia;D_3__Cytophagales;D_4__Microscillaceae	0	0	0	0	0.0547073791348601	0	0	0	0	0	0	0.00656352555086732	0	0	0	0	0	0.10482180293501	0	0	0	0	0	0.00314465408805031	0	0.0471584038694075	0	0	0	0	0	0	0	0	0	0	0	0	0	0	0	0	0	0	0	0.0251004016064257	0	0	0	0	0
D_0__Bacteria;D_1__Proteobacteria;D_2__Alphaproteobacteria;D_3__Rhizobiales;D_4__Rhizobiales Incertae Sedis	0	0	0	0	0.0432569974554707	0	0	0	0	0	0	0.00140646976090014	0	0	0	0	0	0	0	0	0	0	0	0	0	0	0	0	0	0.00555555555555556	0	0	0	0.00720461095100865	0	0	0	0	0	0	0	0.00235155790711346	0	0	0	0	0.0602549246813441	0	0	0	0.0076103500761035
D_0__Bacteria;D_1__Proteobacteria;D_2__Gammaproteobacteria;D_3__PLTA13;D_4__uncultured bacterium	0	0.0264797507788162	0	0	0	0	0	0	0	0	0	0	0	0	0	0	0	0	0	0	0	0	0	0.0107816711590297	0	0	0	0	0	0	0	0	0	0	0	0	0	0	0	0	0	0	0	0	0	0	0	0	0	0	0
D_0__Bacteria;D_1__Actinobacteria;D_2__Rubrobacteria;D_3__Rubrobacterales;D_4__Rubrobacteriaceae	0	0	0.0534591194968553	0	0	0	0	0	0	0	0	0	0	0	0	0	0	0	0	0	0	0	0	0	0	0	0	0	0	0	0	0	0	0	0	0	0	0	0	0	0	0	0	0	0	0	0	0	0	0	0
D_0__Archaea;D_1__Thaumarchaeota;D_2__Nitrososphaeria;D_3__Nitrososphaerales;D_4__Nitrososphaeraceae	0	0.0129802699896158	0	0.0013869625520111	0	0	0	0	0	0	0.043859649122807	0	0	0.0148619957537155	0	0	0	0	0	0	0.00708762886597938	0	0	0	0	0	0	0	0	0	0	0	0	0	0	0	0	0	0	0	0	0	0	0	0	0	0	0	0	0	0
D_0__Bacteria;D_1__Firmicutes;D_2__Bacilli;D_3__Bacillales;D_4__Staphylococcaceae	0	0	0.0251572327044025	0	0	0	0.0068259385665529	0	0	0	0	0	0	0.0205237084217976	0	0	0	0	0	0.0392006149116065	0	0.0281385281385281	0	0	0.0328719723183391	0	0	0	0	0	0	0	0	0	0	0	0	0	0	0	0	0	0	0	0.0374429223744292	0	0	0	0	0	0.188736681887367
D_0__Bacteria;D_1__Actinobacteria;D_2__Actinobacteria;D_3__Micromonosporales;D_4__Micromonosporaceae	0	0	0	0	0	0	0	0	0	0	0	0.0140646976090014	0	0	0	0	0	0	0	0	0.0138530927835052	0.018037518037518	0	0	0	0	0	0	0	0	0	0	0	0	0	0	0	0	0	0	0	0	0	0	0	0.0155622489959839	0	0	0	0	0
D_0__Bacteria;D_1__Proteobacteria;D_2__Gammaproteobacteria;D_3__Steroidobacterales;D_4__Steroidobacteraceae	0	0.0145379023883697	0	0	0	0	0	0	0	0	0	0.0182841068917018	0	0	0	0	0	0	0	0	0.00612113402061856	0.0183982683982684	0	0.0125786163522013	0	0	0	0	0	0	0	0	0	0	0	0	0	0	0	0	0	0	0	0	0	0	0	0.00305343511450382	0	0	0
D_0__Bacteria;D_1__Elusimicrobia;D_2__Lineage IIa;__;__	0	0	0	0	0	0	0	0	0	0	0	0	0	0	0	0	0	0	0	0	0	0	0	0	0	0.0616686819830713	0	0	0	0	0	0	0	0	0	0	0	0	0	0	0	0	0	0	0	0	0	0	0	0	0
D_0__Bacteria;D_1__Proteobacteria;D_2__Gammaproteobacteria;D_3__Pseudomonadales;D_4__Moraxellaceae	0	0	0	0	0.0458015267175573	0	0	0	0	0	0.0350877192982456	0	0	0	0	0	0	0	0.091025641025641	0.0284396617986164	0	0	0	0	0	0	0	0	0	0	0	0	0	0	0	0	0	0	0	0	0	0	0	0	0	0	0	0	0	0.122448979591837	0
D_0__Bacteria;D_1__Proteobacteria;D_2__Gammaproteobacteria;D_3__PLTA13;__	0	0	0	0	0.0152671755725191	0	0	0	0	0	0	0.00796999531176746	0	0	0	0	0	0	0	0	0.00644329896907216	0.018037518037518	0	0	0	0	0	0	0	0	0	0	0	0	0	0	0	0	0	0	0	0	0	0	0	0	0	0.0534351145038168	0	0	0
D_0__Bacteria;D_1__Acidobacteria;D_2__Blastocatellia (Subgroup 4);D_3__11-24;__	0	0	0	0	0	0	0	0	0	0	0	0	0	0	0	0	0	0	0	0	0	0	0	0.0224618149146451	0	0	0	0	0	0	0	0	0	0	0	0	0	0	0	0	0	0	0	0	0	0	0	0	0	0	0
D_0__Bacteria;D_1__Planctomycetes;D_2__Planctomycetacia;D_3__Planctomycetales;D_4__Schlesneriaceae	0	0	0	0	0	0	0	0	0	0	0	0.00093764650726676	0	0	0	0	0	0	0	0	0	0	0	0	0	0	0	0	0	0	0	0	0	0	0	0	0	0	0	0	0	0	0	0	0	0.0251004016064257	0	0	0	0	0
D_0__Bacteria;D_1__Proteobacteria;D_2__Gammaproteobacteria;D_3__Xanthomonadales;D_4__Rhodanobacteraceae	0.0224667583677212	0	0	0.00416088765603329	0	0	0	0	0	0	0	0	0	0	0	0	0	0	0	0	0	0.0216450216450216	0	0	0	0	0	0	0	0	0	0	0	0	0	0	0	0	0	0	0	0	0	0	0	0	0	0	0	0	0
D_0__Bacteria;D_1__Proteobacteria;D_2__Alphaproteobacteria;D_3__Rhizobiales;D_4__Rhizobiaceae	0	0	0	0	0.0521628498727735	0	0	0	0	0	0	0.0187529301453352	0	0	0	0	0	0	0.0314102564102564	0	0.0109536082474227	0	0	0	0	0	0	0	0	0	0	0	0	0	0	0	0	0	0	0	0	0	0	0	0.0410958904109589	0.0130522088353414	0	0.0122137404580153	0	0	0
D_0__Bacteria;D_1__Acidobacteria;D_2__Blastocatellia (Subgroup 4);D_3__Pyrinomonadales;D_4__Pyrinomonadaceae	0	0.0244029075804777	0	0.0013869625520111	0	0	0	0	0	0	0	0.00609470229723394	0	0	0	0	0	0	0	0	0	0	0	0.00673854447439353	0	0	0	0	0	0	0	0	0	0	0	0	0	0	0	0	0	0	0	0	0	0	0.0162224797219003	0	0.082089552238806	0	0
D_0__Bacteria;D_1__Nitrospirae;D_2__Nitrospira;D_3__Nitrospirales;D_4__Nitrospiraceae	0	0	0	0	0	0	0	0	0	0	0.0298245614035088	0.0117205813408345	0	0.0339702760084926	0	0	0	0	0	0.0130668716372022	0.0115979381443299	0.00613275613275613	0	0.0211141060197664	0	0	0	0	0	0	0	0	0	0	0	0	0	0	0	0	0	0.00235155790711346	0	0	0	0	0	0	0	0	0
D_0__Bacteria;D_1__Proteobacteria;D_2__Alphaproteobacteria;D_3__Rhizobiales;D_4__Methyloligellaceae	0	0	0	0	0	0	0	0	0	0	0	0.0229723394280356	0	0.0339702760084926	0	0.120754716981132	0	0	0	0	0.00579896907216495	0	0	0.0107816711590297	0	0	0	0	0	0	0	0	0	0	0	0	0	0	0	0	0	0	0	0	0	0.017570281124498	0	0.0213740458015267	0	0	0
D_0__Bacteria;D_1__Actinobacteria;D_2__Thermoleophilia;D_3__Solirubrobacterales;D_4__Solirubrobacteraceae	0	0.00882658359293873	0	0.013869625520111	0	0	0	0	0	0	0	0.0107829348335677	0	0	0	0.150943396226415	0.12962962962963	0	0	0	0.00418814432989691	0	0	0.041329739442947	0	0	0	0	0	0	0	0	0	0	0	0	0	0	0	0	0	0.0188124632569077	0	0	0	0.0215863453815261	0.0254924681344148	0	0	0	0.0136986301369863
D_0__Bacteria;D_1__Actinobacteria;D_2__MB-A2-108;D_3__metagenome;D_4__	0	0.0244029075804777	0	0	0	0	0	0	0	0	0	0.00328176277543366	0	0	0	0	0	0	0	0	0.0183634020618557	0	0	0.0103324348607367	0	0	0	0	0	0	0	0	0	0	0	0	0	0	0	0	0	0	0	0	0	0	0	0	0	0	0
D_0__Bacteria;D_1__Proteobacteria;D_2__Gammaproteobacteria;D_3__Betaproteobacteriales;D_4__TRA3-20	0	0	0.0188679245283019	0.00416088765603329	0	0	0.0802047781569966	0	0	0	0	0	0	0	0.0711743772241993	0	0	0	0	0	0.00322164948453608	0.012987012987013	0	0.0103324348607367	0	0	0	0	0	0	0	0	0	0	0	0	0	0	0	0	0	0	0	0	0	0	0	0	0	0	0
D_0__Bacteria;D_1__Proteobacteria;D_2__Alphaproteobacteria;D_3__Micropepsales;D_4__Micropepsaceae	0	0	0	0	0	0	0	0	0	0	0	0	0	0	0	0	0	0	0.0301282051282051	0	0	0	0	0	0	0	0	0	0	0	0	0	0	0	0	0	0	0	0	0	0	0	0	0	0	0.00150602409638554	0	0	0	0	0
D_0__Bacteria;D_1__Bacteroidetes;D_2__Bacteroidia;D_3__Flavobacteriales;D_4__Flavobacteriaceae	0	0	0	0	0	0	0	0	0	0	0	0.00562587904360056	0	0	0	0	0	0	0.066025641025641	0	0	0	0	0	0	0	0	0	0	0	0	0	0	0	0	0	0	0	0	0	0	0	0	0	0	0	0	0	0	0	0
D_0__Bacteria;D_1__Chloroflexi;D_2__TK10;D_3__uncultured Chloroflexi bacterium;D_4__	0	0	0	0	0	0	0	0	0	0	0	0	0	0	0	0	0	0	0	0	0	0.0165945165945166	0	0.0103324348607367	0	0	0	0	0	0	0	0	0	0	0	0	0	0	0	0	0	0	0	0	0	0	0	0	0	0	0
D_0__Bacteria;D_1__Proteobacteria;D_2__Alphaproteobacteria;D_3__uncultured;D_4__bacterium enrichment culture clone Anammox_49	0	0	0	0	0	0	0	0	0	0	0	0	0	0	0	0	0	0	0	0	0	0	0.0693815987933635	0.00404312668463612	0	0	0	0	0	0	0	0	0	0	0	0	0	0	0	0	0	0	0	0	0	0	0	0	0	0	0
D_0__Bacteria;D_1__Verrucomicrobia;D_2__Verrucomicrobiae;D_3__Pedosphaerales;D_4__Pedosphaeraceae	0	0.0145379023883697	0	0	0	0	0	0	0	0	0	0.00328176277543366	0	0.0247699929228592	0	0	0	0	0	0	0	0	0	0	0	0	0	0	0	0	0	0.129224652087475	0	0	0	0	0	0	0	0	0	0	0	0	0	0	0	0	0	0	0
D_0__Bacteria;D_1__Proteobacteria;D_2__Gammaproteobacteria;D_3__Cellvibrionales;D_4__Halieaceae	0	0	0	0	0	0	0	0	0	0	0	0	0	0	0	0	0	0	0	0	0	0	0	0	0	0	0	0	0	0	0	0	0	0	0	0	0	0	0	0	0	0	0	0	0	0.0230923694779116	0	0	0	0	0
D_0__Bacteria;D_1__Chloroflexi;D_2__Dehalococcoidia;D_3__S085;D_4__metagenome	0	0	0	0.00416088765603329	0	0	0.0767918088737201	0	0	0	0	0	0	0	0	0	0	0	0	0	0	0	0	0	0	0	0	0	0	0	0	0	0	0	0	0	0	0	0	0	0	0	0	0	0	0	0	0	0	0	0
D_0__Bacteria;D_1__Proteobacteria;D_2__Alphaproteobacteria;D_3__Dongiales;D_4__Dongiaceae	0	0	0	0	0	0	0	0	0	0	0	0.0159399906235349	0	0	0	0	0	0	0.016025641025641	0	0.0144974226804124	0	0	0.0148247978436658	0	0	0	0	0	0	0	0	0	0	0	0	0	0	0	0	0	0	0.082089552238806	0	0	0	0	0	0	0	0
D_0__Bacteria;D_1__Proteobacteria;D_2__Alphaproteobacteria;D_3__Rhizobiales;__	0	0	0	0	0	0	0	0	0	0	0	0	0	0	0	0	0	0	0	0	0	0.0162337662337662	0	0	0	0	0	0	0	0	0	0	0	0	0	0	0	0	0	0	0	0	0	0	0	0	0	0	0	0	0
D_0__Bacteria;D_1__Acidobacteria;D_2__Subgroup 17;D_3__uncultured bacterium;D_4__	0	0	0	0	0	0	0	0	0	0	0	0	0	0	0	0	0	0	0	0	0	0	0	0	0	0	0	0	0	0	0	0	0	0	0	0	0	0	0	0	0	0	0	0	0	0.0225903614457831	0	0	0	0	0
D_0__Bacteria;D_1__Actinobacteria;D_2__Actinobacteria;D_3__Micrococcales;D_4__Intrasporangiaceae	0	0.00934579439252336	0.0356394129979036	0	0	0	0	0	0	0	0	0	0	0	0.120996441281139	0	0	0	0	0	0	0	0	0	0	0.0507859733978235	0	0	0	0	0	0.0318091451292246	0	0	0	0	0	0	0	0	0	0	0	0	0	0	0	0	0	0	0
D_0__Bacteria;D_1__Proteobacteria;D_2__Alphaproteobacteria;D_3__Rhodobacterales;D_4__Rhodobacteraceae	0	0.00882658359293873	0.0335429769392034	0	0	0	0	0	0	0	0	0.0182841068917018	0	0	0	0	0	0	0	0	0	0.0155122655122655	0	0	0	0.0423216444981862	0	0	0	0	0	0	0	0	0	0	0	0	0	0	0	0.00117577895355673	0	0	0	0	0	0	0	0	0
D_0__Bacteria;D_1__Proteobacteria;D_2__Alphaproteobacteria;D_3__uncultured;__	0	0	0	0	0	0	0	0	0	0	0	0	0	0	0	0	0	0	0	0	0	0	0	0	0	0	0	0	0	0	0	0	0	0	0	0	0	0	0	0	0	0	0	0	0	0	0.0347624565469293	0	0	0	0
D_0__Bacteria;D_1__Proteobacteria;D_2__Alphaproteobacteria;D_3__Rhizobiales;D_4__Labraceae	0	0	0	0	0	0	0	0	0	0	0	0	0.075134168157424	0	0	0	0	0	0	0	0	0	0	0	0	0	0	0	0	0	0	0	0	0	0	0	0	0	0	0	0	0	0	0	0	0	0	0	0	0	0
D_0__Bacteria;D_1__Acidobacteria;D_2__Holophagae;D_3__Subgroup 7;D_4__metagenome	0	0	0	0	0	0	0	0	0	0	0	0	0	0	0	0	0	0	0	0	0	0	0	0	0	0	0	0	0	0	0	0	0	0	0	0	0	0	0	0	0	0	0	0	0	0	0	0	0	0.0408163265306122	0
D_0__Bacteria;D_1__Gemmatimonadetes;D_2__S0134 terrestrial group;D_3__uncultured compost bacterium;D_4__	0	0	0	0	0	0	0	0	0	0	0	0	0	0.00495399858457183	0	0	0	0	0	0	0	0	0	0	0	0	0	0	0	0	0	0	0	0	0	0	0	0	0	0	0	0	0	0	0	0.0210843373493976	0	0	0	0	0
D_0__Bacteria;D_1__Acidobacteria;D_2__Subgroup 11;D_3__uncultured Acidobacteria bacterium;D_4__	0	0	0	0	0	0	0	0	0.0649762282091918	0	0	0	0	0	0	0	0	0	0	0	0	0	0	0	0	0	0	0	0	0	0	0	0	0	0	0	0	0	0	0	0	0	0	0	0	0	0	0	0	0	0
D_0__Bacteria;D_1__Chloroflexi;D_2__TK10;D_3__uncultured soil bacterium;D_4__	0	0	0	0	0	0	0	0	0	0	0.0359649122807018	0	0	0	0	0	0	0	0	0	0	0	0	0	0	0	0	0	0	0	0	0	0	0	0	0	0	0	0	0	0	0	0	0	0	0	0	0	0	0	0
D_0__Bacteria;D_1__Actinobacteria;D_2__Actinobacteria;D_3__Streptosporangiales;D_4__Streptosporangiaceae	0	0	0	0	0	0	0	0	0	0	0.0359649122807018	0	0	0	0	0	0	0	0	0	0.00289948453608247	0	0.00904977375565611	0	0	0	0	0	0	0	0	0	0	0	0	0	0	0	0	0	0	0	0	0	0	0	0	0	0	0	0
D_0__Bacteria;D_1__Actinobacteria;D_2__Actinobacteria;D_3__Micrococcales;D_4__Bogoriellaceae	0	0	0	0	0	0	0	0	0	0	0	0	0	0	0	0	0	0	0.0493589743589744	0	0	0	0	0	0	0	0	0	0	0	0	0	0	0	0	0	0	0	0	0	0	0	0	0	0	0	0	0	0	0	0
D_0__Bacteria;D_1__Proteobacteria;D_2__Gammaproteobacteria;D_3__Methylococcales;D_4__Methylococcaceae	0	0.0207684319833853	0	0	0	0	0	0	0	0	0	0	0	0	0	0	0	0	0	0	0	0	0	0	0	0	0	0	0	0	0	0	0	0	0	0	0	0	0	0	0	0	0	0	0	0	0	0	0	0	0
D_0__Bacteria;D_1__Actinobacteria;D_2__Acidimicrobiia;D_3__uncultured;D_4__uncultured soil bacterium	0	0.0207684319833853	0	0	0	0	0	0	0	0	0	0	0	0	0	0	0	0	0	0	0	0	0	0	0	0	0	0	0	0	0	0	0	0	0	0	0	0	0	0	0	0	0	0	0	0	0	0	0	0	0
D_0__Bacteria;D_1__Proteobacteria;D_2__Deltaproteobacteria;D_3__Desulfuromonadales;D_4__Desulfuromonadaceae	0	0	0	0	0	0	0	0	0	0.0509554140127389	0	0	0	0	0	0	0	0	0	0	0	0	0	0	0	0	0	0	0	0	0	0	0	0	0	0	0	0	0	0	0	0	0	0	0	0	0	0	0	0	0
D_0__Bacteria;D_1__Gemmatimonadetes;D_2__Gemmatimonadetes;D_3__Gemmatimonadales;D_4__Gemmatimonadaceae	0	0.0129802699896158	0	0	0	0	0	0	0	0	0	0.00656352555086732	0	0	0	0	0.246913580246914	0	0	0	0.0199742268041237	0	0	0.00718778077268643	0	0	0	0	0	0	0	0	0	0	0	0	0	0	0	0	0	0	0	0	0	0	0.0370799536500579	0	0	0	0
D_0__Bacteria;D_1__Proteobacteria;D_2__Gammaproteobacteria;D_3__PLTA13;D_4__uncultured gamma proteobacterium	0	0	0	0	0	0	0	0	0	0	0	0.0117205813408345	0	0	0	0	0	0	0	0	0.0128865979381443	0	0	0	0	0	0	0	0	0	0	0	0	0	0	0	0	0	0	0	0	0	0	0	0	0	0	0	0	0	0
D_0__Bacteria;D_1__Proteobacteria;D_2__Alphaproteobacteria;D_3__Caulobacterales;D_4__Caulobacteraceae	0	0	0	0	0	0	0	0	0	0	0	0	0	0	0	0	0	0	0	0	0	0	0	0	0	0	0.00178571428571429	0	0	0	0	0.0795228628230616	0	0	0	0	0	0	0	0	0	0	0	0	0.0237442922374429	0	0.0196987253765933	0	0	0	0
D_0__Bacteria;D_1__Chloroflexi;D_2__Anaerolineae;D_3__SBR1031;D_4__A4b	0	0	0	0.00277392510402219	0	0	0	0	0	0	0	0	0	0	0	0	0	0	0	0	0	0	0	0	0	0	0	0	0	0	0	0	0	0	0	0	0	0	0	0	0	0	0	0	0	0	0.0509849362688297	0.0274809160305344	0	0	0
D_0__Archaea;D_1__Euryarchaeota;D_2__Methanomicrobia;D_3__Methanosarcinales;D_4__Methanosarcinaceae	0	0.0202492211838006	0	0	0	0	0	0	0	0	0	0	0	0	0	0	0	0	0	0	0	0	0	0	0	0	0	0	0	0	0	0	0	0	0	0	0	0	0	0	0	0	0	0	0	0	0	0	0	0	0
D_0__Bacteria;D_1__Proteobacteria;D_2__Gammaproteobacteria;D_3__R7C24;D_4__metagenome	0	0	0	0	0	0	0	0	0	0	0	0	0	0	0	0	0	0	0	0	0	0	0	0	0	0	0	0	0	0	0	0.0775347912524851	0	0	0	0	0	0	0	0	0	0	0	0	0	0.0215863453815261	0	0	0	0	0
D_0__Bacteria;D_1__Proteobacteria;D_2__Alphaproteobacteria;D_3__Rhizobiales;D_4__uncultured	0	0	0	0	0	0	0	0	0	0	0	0	0	0	0	0	0	0	0	0	0	0	0	0	0	0	0	0	0	0	0	0	0	0	0	0	0	0	0	0	0	0	0	0	0	0.019578313253012	0	0	0	0	0
D_0__Bacteria;D_1__Acidobacteria;D_2__Subgroup 21;D_3__uncultured bacterium;D_4__	0	0.019730010384216	0	0	0	0	0	0	0	0	0	0	0	0	0	0	0	0	0	0	0	0	0	0	0	0	0	0	0	0	0	0	0	0	0	0	0	0	0	0	0	0	0	0	0	0	0	0	0	0	0
D_0__Bacteria;D_1__Proteobacteria;D_2__Deltaproteobacteria;D_3__Bdellovibrionales;D_4__Bdellovibrionaceae	0	0	0	0	0	0	0	0	0	0	0	0.00281293952180028	0	0	0	0	0	0	0.0243589743589744	0	0	0	0	0	0	0	0	0	0	0	0	0	0	0	0	0	0	0	0	0	0	0	0	0	0	0	0	0	0	0	0
D_0__Bacteria;D_1__Verrucomicrobia;D_2__Verrucomicrobiae;D_3__Verrucomicrobiales;D_4__uncultured bacterium	0	0	0	0	0	0	0	0	0	0	0	0	0	0	0	0	0	0	0	0	0	0.0137085137085137	0	0	0	0	0	0	0	0	0	0	0	0	0	0	0	0	0	0	0	0	0	0	0	0	0	0	0	0	0
D_0__Bacteria;D_1__Proteobacteria;D_2__Alphaproteobacteria;D_3__Azospirillales;D_4__Azospirillales Incertae Sedis	0	0	0	0	0	0	0	0	0	0	0	0	0	0	0	0	0	0	0	0	0	0	0	0	0	0	0	0	0	0	0	0	0	0	0	0	0	0	0	0	0	0	0	0	0	0.0190763052208835	0	0	0	0	0
D_0__Bacteria;D_1__Bacteroidetes;D_2__Bacteroidia;D_3__Chitinophagales;D_4__Saprospiraceae	0	0	0	0	0	0	0	0	0	0.0840764331210191	0	0	0	0	0	0	0	0	0	0	0	0	0	0	0	0	0	0	0	0	0	0	0	0	0	0	0	0	0	0	0	0	0	0	0	0	0	0	0	0	0
D_0__Bacteria;D_1__Proteobacteria;D_2__Deltaproteobacteria;D_3__Oligoflexales;D_4__0319-6G20	0	0	0.0220125786163522	0	0	0	0.0614334470989761	0	0	0.0318471337579618	0	0.00187529301453352	0	0	0.0711743772241993	0	0	0	0	0	0	0	0	0	0	0	0	0	0	0	0	0	0	0	0	0	0	0	0	0	0	0	0	0	0	0	0.0115874855156431	0	0	0	0
D_0__Bacteria;D_1__Actinobacteria;D_2__Actinobacteria;D_3__Frankiales;D_4__uncultured	0	0	0	0	0	0	0	0	0	0	0	0	0.0644007155635063	0	0	0	0	0	0	0	0	0	0	0	0	0	0	0	0	0	0	0	0	0	0	0	0	0	0	0	0	0	0	0	0	0	0	0	0	0	0
D_0__Bacteria;D_1__Firmicutes;D_2__Clostridia;D_3__Clostridiales;D_4__Family XVIII	0	0	0	0	0	0	0	0	0	0	0	0	0	0.0254777070063694	0	0	0	0	0	0	0.000966494845360825	0	0	0	0	0	0	0	0	0	0	0	0	0	0	0	0	0	0	0	0	0	0	0	0	0	0	0	0	0	0
D_0__Bacteria;D_1__Actinobacteria;D_2__Actinobacteria;D_3__Frankiales;D_4__Sporichthyaceae	0	0	0	0	0	0	0	0	0	0	0	0	0	0	0	0	0	0	0	0	0	0	0	0	0.0622837370242214	0	0	0	0	0	0	0	0	0	0	0	0	0	0	0	0	0	0	0	0	0	0	0	0	0	0
D_0__Bacteria;D_1__Actinobacteria;D_2__Actinobacteria;D_3__Micrococcales;D_4__Brevibacteriaceae	0	0	0	0	0	0	0	0	0	0	0	0	0	0	0	0	0	0	0	0	0	0	0	0	0.0173010380622837	0	0	0	0	0	0	0	0	0	0	0	0	0	0	0	0	0	0.0895522388059701	0	0	0	0	0	0	0	0
D_0__Bacteria;D_1__Proteobacteria;D_2__Alphaproteobacteria;D_3__uncultured;D_4__uncultured bacterium	0	0	0	0	0	0	0	0	0	0	0	0	0	0	0	0	0	0	0	0	0	0	0	0	0	0	0	0	0	0	0	0	0	0	0	0	0	0	0	0	0	0	0	0	0	0	0	0	0	0.19047619047619	0
D_0__Bacteria;D_1__Actinobacteria;D_2__Acidimicrobiia;D_3__uncultured;__	0	0	0	0	0	0	0	0	0	0	0	0	0	0	0	0	0	0	0	0	0	0	0	0	0	0	0	0	0	0	0	0	0	0	0	0	0	0	0	0	0	0	0	0	0	0.0170682730923695	0	0	0	0	0
D_0__Bacteria;D_1__Proteobacteria;D_2__Gammaproteobacteria;D_3__CCD24;D_4__metagenome	0	0	0	0	0	0	0	0	0	0	0	0	0	0	0	0	0	0	0	0.00153727901614143	0	0	0	0	0	0	0	0	0	0	0	0	0	0	0	0	0	0	0	0	0	0	0	0	0	0.017570281124498	0	0	0	0	0
D_0__Bacteria;__;__;__;__	0.00183402109124255	0	0	0	0	0	0	0	0	0	0	0	0	0	0	0.0377358490566038	0	0	0	0	0	0	0	0	0	0	0	0	0	0	0	0	0	0	0	0.0032626427406199	0	0	0	0	0	0	0	0	0	0	0	0.033587786259542	0	0	0
D_0__Bacteria;D_1__Proteobacteria;D_2__Deltaproteobacteria;D_3__Myxococcales;D_4__Phaselicystidaceae	0	0.0176531671858775	0	0	0	0	0	0	0	0	0	0	0	0	0	0	0	0	0	0	0	0	0	0	0	0	0	0	0	0	0	0	0	0	0	0	0	0	0	0	0	0	0	0	0	0	0	0	0	0	0
D_0__Bacteria;D_1__Proteobacteria;D_2__Deltaproteobacteria;D_3__Myxococcales;D_4__mle1-27	0	0	0	0	0	0	0	0.0647619047619048	0	0	0	0	0	0	0	0	0	0	0	0	0	0	0	0	0	0	0	0	0	0	0	0	0	0	0	0	0	0	0	0	0	0	0	0	0	0	0	0	0	0	0
D_0__Bacteria;D_1__Proteobacteria;D_2__Deltaproteobacteria;__;__	0	0	0	0	0	0	0	0	0	0	0	0	0	0	0	0.128301886792453	0	0	0	0	0	0.0104617604617605	0	0	0	0	0	0	0	0	0	0	0	0	0	0	0	0	0	0	0	0	0	0	0	0	0	0	0	0	0
D_0__Bacteria;D_1__Proteobacteria;D_2__Alphaproteobacteria;D_3__Azospirillales;D_4__Azospirillaceae	0	0	0.0146750524109015	0	0	0	0	0	0	0	0	0.0023441162681669	0	0	0	0	0	0	0	0	0.00612113402061856	0	0	0	0	0	0.00267857142857143	0	0	0	0	0	0	0	0	0	0	0	0	0	0	0	0	0	0	0	0	0	0	0	0
D_0__Bacteria;D_1__Verrucomicrobia;D_2__Verrucomicrobiae;D_3__Chthoniobacterales;D_4__Chthoniobacteraceae	0	0	0	0	0	0	0	0	0	0	0	0	0	0	0	0	0	0	0	0	0.00708762886597938	0.00937950937950938	0	0	0	0	0	0	0	0	0	0	0	0	0	0	0	0	0	0	0	0	0	0	0	0	0	0	0	0	0
D_0__Bacteria;D_1__Proteobacteria;D_2__Deltaproteobacteria;D_3__Desulfarculales;D_4__Desulfarculaceae	0	0	0	0	0	0	0	0	0	0.0191082802547771	0	0	0	0	0	0	0	0	0	0	0	0	0	0	0	0	0	0	0	0	0	0	0	0	0	0	0	0	0	0	0	0	0	0	0	0.016566265060241	0	0	0	0	0
D_0__Bacteria;D_1__Acidobacteria;D_2__Holophagae;D_3__Subgroup 7;__	0	0	0	0	0	0	0	0	0	0	0	0	0	0	0	0	0	0	0	0	0	0	0	0	0	0	0	0	0	0	0	0	0	0	0	0	0	0	0	0	0	0	0	0	0	0.016566265060241	0	0	0	0	0
D_0__Bacteria;D_1__Firmicutes;D_2__Clostridia;D_3__Clostridiales;D_4__Gracilibacteraceae	0	0	0	0	0	0	0	0	0	0	0	0	0	0	0	0	0	0	0	0	0	0	0	0	0	0	0	0	0	0	0	0	0	0	0	0	0	0	0	0	0	0	0	0	0	0	0	0.050381679389313	0	0	0
D_0__Bacteria;D_1__Bacteroidetes;D_2__Bacteroidia;D_3__Bacteroidetes VC2.1 Bac22;D_4__metagenome	0	0.0166147455867082	0	0	0	0	0	0	0	0	0	0	0	0	0	0	0	0	0	0	0	0	0	0	0	0	0	0	0	0	0	0	0	0	0	0	0	0	0	0	0	0	0	0	0.0246575342465753	0	0	0	0	0	0
D_0__Bacteria;D_1__Rokubacteria;D_2__NC10;D_3__Rokubacteriales;D_4__uncultured bacterium	0	0	0	0	0	0	0	0	0	0	0	0	0	0.0226468506723284	0	0	0.104938271604938	0	0	0	0	0.00901875901875902	0	0.00988319856244385	0	0	0	0	0	0	0	0	0	0	0	0	0	0	0	0	0	0	0	0	0	0	0	0	0	0	0
D_0__Bacteria;D_1__Proteobacteria;D_2__Gammaproteobacteria;D_3__211ds20;D_4__uncultured bacterium	0	0	0	0	0	0	0	0	0	0	0	0	0	0	0	0	0	0	0.0198717948717949	0	0	0	0	0	0	0	0	0	0	0	0	0	0	0	0	0	0	0	0	0	0	0	0	0	0	0	0	0	0	0	0
D_0__Bacteria;D_1__Proteobacteria;D_2__Deltaproteobacteria;D_3__NB1-j;D_4__uncultured proteobacterium	0	0	0	0	0	0	0	0	0	0	0	0	0	0	0	0	0	0	0	0	0	0	0	0	0	0	0	0	0	0	0	0	0	0	0	0	0	0	0	0	0	0	0	0	0	0.0311244979919679	0	0	0	0	0
D_0__Bacteria;D_1__Bacteroidetes;D_2__Bacteroidia;D_3__Sphingobacteriales;D_4__Sphingobacteriaceae	0.0210912425492893	0	0	0	0	0	0	0	0	0	0	0	0	0	0	0	0	0	0	0	0	0	0	0	0	0	0	0	0	0	0	0	0	0	0	0	0	0	0	0	0	0	0	0	0	0	0	0	0	0	0
D_0__Bacteria;D_1__Acidobacteria;D_2__Subgroup 6;D_3__uncultured proteobacterium;D_4__	0	0	0	0	0	0	0	0	0	0	0	0	0	0	0	0	0	0	0	0	0.00966494845360825	0	0	0	0	0	0	0	0	0	0	0	0	0	0	0	0	0	0	0	0	0	0	0	0	0	0	0	0	0	0
D_0__Bacteria;D_1__Spirochaetes;D_2__Spirochaetia;D_3__Spirochaetales;D_4__Spirochaetaceae	0	0	0	0	0	0	0	0	0	0	0	0	0.0518783542039356	0	0	0	0	0	0	0	0	0	0	0	0	0	0	0	0	0	0	0	0	0	0	0	0	0	0	0	0	0	0	0	0	0	0	0	0	0	0
D_0__Bacteria;D_1__Proteobacteria;D_2__Alphaproteobacteria;D_3__Rhizobiales;D_4__A0839	0	0	0	0	0	0	0	0	0	0	0	0	0	0	0.103202846975089	0	0	0	0	0	0	0	0	0	0	0	0	0	0	0	0	0	0	0	0	0	0	0	0	0	0	0	0	0	0	0	0	0	0	0	0
D_0__Bacteria;D_1__Patescibacteria;D_2__Parcubacteria;D_3__Candidatus Nomurabacteria;D_4__uncultured bacterium	0	0	0	0	0.0279898218829517	0	0	0	0	0	0	0	0	0	0	0	0	0	0	0	0	0	0.0437405731523379	0	0	0	0	0	0	0	0	0	0	0	0	0	0	0	0	0	0	0	0	0	0	0	0	0	0	0	0
D_0__Bacteria;D_1__Chloroflexi;D_2__OLB14;D_3__uncultured bacterium;D_4__	0	0.0145379023883697	0	0	0	0	0	0	0	0	0	0	0	0	0	0	0	0	0	0	0	0	0	0	0	0	0	0	0	0	0	0	0	0	0	0	0	0	0	0	0	0	0	0	0	0	0	0	0	0	0
D_0__Bacteria;D_1__Chloroflexi;D_2__Gitt-GS-136;__;__	0	0	0	0	0	0	0	0	0	0	0	0.0131270511017346	0	0	0	0	0	0	0	0	0.0080541237113402	0	0	0	0	0	0	0	0	0	0	0	0	0	0	0	0	0	0	0	0	0	0	0	0	0	0	0	0	0	0
D_0__Bacteria;D_1__Chloroflexi;D_2__Chloroflexia;D_3__Thermomicrobiales;D_4__AKYG1722	0	0	0	0	0.00763358778625954	0	0	0	0	0	0	0	0.0286225402504472	0.0198159943382873	0	0	0	0	0	0	0	0	0	0	0	0	0	0	0	0	0	0	0	0	0	0	0	0	0	0	0	0	0	0	0	0	0	0	0	0	0
D_0__Bacteria;D_1__Firmicutes;D_2__Clostridia;D_3__Clostridiales;D_4__Caldicoprobacteraceae	0	0	0	0	0	0	0	0	0	0	0	0	0	0	0	0	0	0	0	0	0	0	0	0	0	0	0	0	0	0	0	0	0	0	0	0	0	0	0	0	0	0	0	0	0	0.0140562248995984	0	0	0	0	0
D_0__Bacteria;D_1__Deinococcus-Thermus;D_2__Deinococci;D_3__Deinococcales;D_4__Deinococcaceae	0	0	0	0	0	0	0.00341296928327645	0	0	0	0.0236842105263158	0	0.0143112701252236	0	0	0	0	0	0	0	0	0	0	0	0	0	0	0	0	0	0	0	0	0	0	0	0	0	0	0	0	0	0	0	0	0	0	0	0	0	0
D_0__Bacteria;D_1__Chlamydiae;D_2__Chlamydiae;D_3__Chlamydiales;D_4__Parachlamydiaceae	0	0.0129802699896158	0	0	0	0	0	0	0	0	0	0	0	0	0	0	0	0	0	0	0	0.00974025974025974	0	0	0	0	0	0	0	0	0	0	0	0	0	0	0	0	0	0	0	0	0	0	0	0	0	0	0	0	0
D_0__Bacteria;D_1__Proteobacteria;D_2__Gammaproteobacteria;D_3__Betaproteobacteriales;D_4__SC-I-84	0	0.0150571131879543	0	0	0	0	0	0	0.0412044374009509	0.0178343949044586	0	0	0	0	0	0	0	0	0	0	0	0.00468975468975469	0	0	0	0	0	0	0	0	0	0	0	0	0	0	0	0	0	0.00623052959501558	0	0.00352733686067019	0	0	0	0	0	0.00458015267175573	0	0	0
D_0__Bacteria;D_1__Firmicutes;D_2__Bacilli;D_3__Bacillales;D_4__Alicyclobacillaceae	0	0	0	0	0	0	0	0	0	0	0	0.0121894045944679	0	0.00212314225053079	0	0	0	0	0	0	0.00547680412371134	0	0	0.00763701707097934	0	0	0	0	0	0	0	0	0	0	0	0	0	0	0	0	0	0	0	0	0	0	0	0	0	0	0
D_0__Bacteria;D_1__Actinobacteria;D_2__Acidimicrobiia;D_3__Microtrichales;D_4__uncultured	0	0	0	0	0	0	0	0	0	0	0	0.00328176277543366	0	0	0	0	0	0	0	0	0	0.00901875901875902	0	0.00449236298292902	0	0	0	0	0	0	0	0	0	0	0	0	0	0	0	0	0	0	0	0	0	0	0	0	0	0	0
D_0__Bacteria;D_1__Proteobacteria;D_2__Gammaproteobacteria;D_3__PLTA13;D_4__uncultured proteobacterium	0	0	0	0	0	0	0	0	0	0	0	0	0	0	0	0	0	0	0	0	0	0	0	0.0116801437556155	0	0	0	0	0	0	0	0	0	0	0	0	0	0	0	0	0	0	0	0	0	0	0	0	0	0	0
D_0__Bacteria;D_1__Planctomycetes;D_2__Planctomycetacia;D_3__Planctomycetales;D_4__Rubinisphaeraceae	0	0	0	0	0	0	0.0273037542662116	0	0	0	0	0	0	0.0176928520877565	0	0	0	0	0	0	0	0	0	0.00179694519317161	0	0	0	0	0	0	0	0	0	0	0	0	0	0	0	0	0	0	0	0	0	0	0	0	0	0	0
D_0__Bacteria;D_1__Actinobacteria;D_2__Actinobacteria;D_3__Corynebacteriales;D_4__Mycobacteriaceae	0	0.00311526479750779	0.010482180293501	0	0	0	0	0	0	0	0	0	0	0	0	0	0	0.0524109014675052	0	0	0	0	0	0	0	0	0	0	0	0	0	0	0	0	0	0	0	0	0	0.0109034267912773	0	0	0	0	0	0	0	0	0	0	0
D_0__Bacteria;D_1__Verrucomicrobia;D_2__Verrucomicrobiae;D_3__Methylacidiphilales;D_4__Methylacidiphilaceae	0	0	0	0	0	0	0	0	0	0	0	0	0	0	0	0	0	0	0	0	0	0	0	0	0	0	0	0	0	0	0	0	0	0	0	0	0	0	0	0	0	0	0	0	0	0	0.0289687137891078	0	0	0	0
D_0__Bacteria;D_1__Proteobacteria;D_2__Gammaproteobacteria;D_3__Diplorickettsiales;D_4__Diplorickettsiaceae	0	0	0	0	0	0	0.0290102389078498	0	0	0	0	0.00093764650726676	0	0	0	0	0	0	0	0	0	0	0	0	0	0	0	0	0	0	0	0	0	0	0	0	0	0	0	0	0	0	0	0	0	0	0.0289687137891078	0	0	0	0
D_0__Bacteria;D_1__Patescibacteria;D_2__Parcubacteria;D_3__wastewater metagenome;D_4__	0	0	0	0	0	0	0	0	0	0	0	0	0	0	0	0	0	0	0	0	0	0	0	0	0	0	0	0	0	0	0	0	0	0	0	0	0	0	0	0	0	0	0	0	0	0	0	0.0366412213740458	0	0	0
D_0__Bacteria;D_1__Chloroflexi;D_2__Anaerolineae;D_3__Caldilineales;D_4__Caldilineaceae	0	0.0119418483904465	0	0	0	0	0	0	0	0	0	0.0103141115799344	0	0	0	0	0	0	0	0	0	0	0	0.000898472596585804	0	0.0278113663845224	0	0	0	0	0	0	0	0	0	0	0	0	0	0	0	0	0	0	0	0	0	0	0	0	0
D_0__Bacteria;D_1__Proteobacteria;D_2__Alphaproteobacteria;D_3__Tistrellales;D_4__Geminicoccaceae	0	0	0	0	0	0	0	0	0.0364500792393027	0	0	0.00375058602906704	0	0	0	0	0	0	0.0121794871794872	0	0	0	0	0	0	0	0	0	0	0	0	0	0	0	0	0	0	0	0	0	0	0	0	0	0	0	0	0	0	0	0
D_0__Bacteria;D_1__Acidobacteria;D_2__Subgroup 22;D_3__uncultured Acidobacterium sp.;D_4__	0	0	0	0	0	0	0	0	0	0	0	0	0	0	0	0	0	0	0	0	0.00740979381443299	0	0	0	0	0	0	0	0	0	0	0	0	0	0	0	0	0	0	0	0	0	0	0	0	0	0	0	0	0	0
D_0__Bacteria;D_1__Actinobacteria;D_2__Thermoleophilia;D_3__Gaiellales;D_4__uncultured bacterium	0	0	0	0	0	0	0	0	0	0	0	0	0	0	0	0	0	0	0	0	0	0	0	0	0.0397923875432526	0	0	0	0	0	0	0	0	0	0	0	0	0	0	0	0	0	0	0	0	0	0	0	0	0	0
D_0__Bacteria;D_1__Actinobacteria;D_2__Thermoleophilia;D_3__Solirubrobacterales;__	0	0	0	0	0	0	0	0	0	0	0	0	0	0	0	0	0	0	0	0	0	0	0	0	0	0	0	0.00112866817155756	0	0	0	0	0	0	0	0	0	0	0	0	0	0	0	0	0	0	0	0	0.0572139303482587	0	0
D_0__Bacteria;D_1__Verrucomicrobia;D_2__Verrucomicrobiae;D_3__Chthoniobacterales;D_4__Xiphinematobacteraceae	0	0	0	0	0	0	0	0	0	0	0	0.00140646976090014	0	0	0	0	0	0	0	0	0.00708762886597938	0.00108225108225108	0	0.00539083557951483	0	0	0	0	0	0	0	0	0	0	0	0	0	0	0	0	0	0	0	0	0	0	0	0	0	0	0
D_0__Bacteria;D_1__Chloroflexi;D_2__TK10;D_3__metagenome;D_4__	0	0	0	0	0	0	0	0	0	0	0	0	0	0	0	0	0	0	0	0	0.00708762886597938	0	0	0	0	0	0	0	0	0	0	0	0	0	0	0	0	0	0	0	0	0	0	0	0	0	0	0	0	0	0
D_0__Bacteria;D_1__Chloroflexi;D_2__TK10;D_3__bacterium Ellin6519;D_4__	0	0	0	0	0	0	0	0	0	0	0	0	0	0	0	0	0	0	0	0	0.00708762886597938	0	0	0	0	0	0	0	0	0	0	0	0	0	0	0	0	0	0	0	0	0.00470311581422693	0	0	0	0	0	0	0	0	0
D_0__Bacteria;D_1__Chloroflexi;D_2__Chloroflexia;D_3__Kallotenuales;D_4__AKIW781	0	0	0	0	0	0	0.0068259385665529	0	0	0	0	0	0	0	0	0	0	0	0	0	0	0.00793650793650794	0	0	0	0	0	0	0	0	0	0	0	0	0	0	0	0	0	0	0	0	0	0	0	0	0	0	0	0	0
D_0__Bacteria;D_1__Proteobacteria;D_2__Alphaproteobacteria;D_3__uncultured;D_4__uncultured soil bacterium	0	0	0	0	0	0	0	0	0	0	0	0.00984528832630099	0	0	0	0	0	0	0	0	0	0	0.00301659125188537	0.00988319856244385	0	0	0	0	0	0	0	0	0	0	0	0	0	0	0	0	0	0	0	0	0	0	0	0	0	0	0
D_0__Bacteria;D_1__Firmicutes;D_2__Bacilli;D_3__Lactobacillales;D_4__Lactobacillaceae	0	0	0	0.0166435506241331	0	0.00892857142857143	0	0.00380952380952381	0	0	0	0	0	0	0	0	0	0	0	0	0	0	0	0	0	0	0	0	0	0	0	0	0	0	0	0	0	0	0	0	0	0.00646678424456202	0	0	0	0	0	0	0	0	0.158295281582953
D_0__Bacteria;D_1__Acidobacteria;D_2__Subgroup 6;D_3__metagenome;D_4__	0	0	0	0	0	0	0	0	0	0	0	0	0	0	0	0	0	0	0	0	0	0	0	0	0	0	0	0	0	0	0	0	0	0	0	0	0	0	0	0	0	0	0	0	0	0	0	0.033587786259542	0	0	0
D_0__Bacteria;D_1__Proteobacteria;D_2__Alphaproteobacteria;D_3__Caulobacterales;D_4__Hyphomonadaceae	0	0	0	0	0	0	0	0	0	0	0	0	0	0	0	0	0	0	0	0	0	0	0	0.00179694519317161	0	0	0	0	0	0	0	0	0	0	0	0	0	0	0	0	0	0	0	0	0	0	0	0	0	0	0
D_0__Bacteria;D_1__Firmicutes;D_2__Bacilli;D_3__Lactobacillales;D_4__Aerococcaceae	0	0	0	0	0	0	0	0	0	0	0	0	0	0	0	0	0	0	0	0	0	0	0	0	0	0	0	0	0	0	0	0	0	0	0	0	0	0	0	0	0	0	0	0	0	0	0	0.0320610687022901	0	0	0
D_0__Bacteria;D_1__Actinobacteria;D_2__Actinobacteria;D_3__Streptosporangiales;D_4__Nocardiopsaceae	0	0	0	0	0	0	0	0	0	0	0	0	0	0	0	0	0	0	0	0	0	0	0	0	0	0.0241837968561064	0	0	0	0	0	0	0	0	0	0	0	0	0	0	0	0	0	0	0	0	0	0	0	0	0
D_0__Bacteria;D_1__Acidobacteria;D_2__Subgroup 22;D_3__uncultured Acidobacteriales bacterium;D_4__	0	0	0	0	0	0	0	0	0	0	0	0	0	0	0	0	0	0	0	0	0	0	0	0	0	0	0	0	0	0	0	0.0397614314115308	0	0	0	0	0	0	0	0	0	0	0	0	0	0	0	0	0	0	0
D_0__Bacteria;D_1__Bacteroidetes;D_2__Bacteroidia;D_3__Bacteroidales;D_4__Rikenellaceae	0	0	0	0	0	0	0	0	0	0	0	0	0	0	0	0	0	0	0.0121794871794872	0	0	0	0	0	0	0	0	0	0	0	0	0	0	0	0	0	0	0	0	0	0	0	0	0	0	0	0	0	0	0	0
D_0__Bacteria;D_1__Firmicutes;D_2__Clostridia;D_3__Clostridiales;D_4__Family XIII	0	0	0	0	0	0	0	0	0	0	0	0	0	0	0	0	0	0	0	0	0	0.00685425685425685	0	0	0	0	0	0	0	0	0	0	0	0	0	0	0	0	0	0	0	0	0	0	0	0	0	0	0	0	0
D_0__Bacteria;D_1__Firmicutes;D_2__Clostridia;D_3__Clostridiales;D_4__Peptococcaceae	0	0	0	0	0	0	0	0	0	0	0	0	0	0	0	0	0	0	0	0	0	0.00613275613275613	0	0	0	0	0	0	0	0	0	0	0	0	0	0	0	0	0	0	0	0	0	0	0	0	0	0	0	0	0
D_0__Bacteria;D_1__Firmicutes;D_2__Negativicutes;D_3__Selenomonadales;D_4__uncultured	0	0.00934579439252336	0	0	0	0	0	0	0	0	0	0	0	0	0	0	0	0	0	0	0	0	0	0	0	0	0	0	0	0	0	0	0	0	0	0	0	0	0	0	0	0	0	0	0	0	0	0	0	0	0
D_0__Bacteria;D_1__Firmicutes;D_2__Negativicutes;D_3__Selenomonadales;D_4__Veillonellaceae	0	0	0	0	0	0	0	0	0	0	0	0	0	0	0	0	0	0	0	0	0	0	0	0	0.0311418685121107	0	0	0	0	0	0	0	0	0	0	0	0	0	0	0	0	0	0	0	0	0	0	0	0	0	0
D_0__Bacteria;D_1__Proteobacteria;D_2__Deltaproteobacteria;D_3__Myxococcales;D_4__uncultured	0	0	0	0	0	0	0	0	0	0	0	0	0	0	0	0	0	0	0	0	0	0	0	0	0	0.0217654171704958	0	0	0	0	0	0	0	0	0	0	0	0	0	0	0	0	0	0	0	0	0	0	0	0	0
D_0__Bacteria;D_1__Bacteroidetes;D_2__Rhodothermia;D_3__Rhodothermales;D_4__Rhodothermaceae	0	0	0	0	0	0	0	0	0	0	0	0	0	0	0	0	0	0	0	0	0	0	0	0	0	0	0	0	0	0	0	0	0	0	0	0	0	0	0	0	0	0	0	0	0	0	0	0.0274809160305344	0	0	0
D_0__Bacteria;D_1__Acidobacteria;D_2__Subgroup 6;D_3__uncultured Saccharibacillus sp.;D_4__	0	0	0	0	0	0	0	0	0	0.021656050955414	0	0	0	0	0	0	0	0	0	0	0	0	0	0	0	0	0	0	0	0	0	0	0	0	0	0	0	0	0	0	0	0	0	0	0	0	0	0	0	0	0
D_0__Bacteria;D_1__Elusimicrobia;D_2__Elusimicrobia;D_3__Lineage IV;D_4__uncultured soil bacterium	0	0	0	0	0	0	0	0	0	0	0	0	0	0	0	0	0	0	0	0	0	0	0	0	0	0	0	0	0	0	0	0	0	0	0	0	0	0	0	0	0	0	0.082089552238806	0	0	0	0	0	0	0	0
D_0__Bacteria;D_1__Proteobacteria;D_2__Gammaproteobacteria;D_3__Alteromonadales;D_4__Alteromonadaceae	0	0.0083073727933541	0.0146750524109015	0	0	0	0	0	0	0	0	0	0	0	0	0	0	0	0	0	0	0	0	0	0	0	0	0	0	0	0	0	0	0	0	0	0	0	0	0	0	0	0	0	0	0	0	0	0	0	0
D_0__Bacteria;D_1__Acidobacteria;D_2__Subgroup 5;D_3__uncultured Acidobacteria bacterium;D_4__	0	0	0.0167714884696017	0	0	0	0	0	0	0	0	0	0	0	0	0	0	0	0	0	0	0	0	0.00539083557951483	0	0	0	0	0	0	0	0	0	0	0	0	0	0	0	0	0	0	0	0	0	0	0	0	0	0	0
D_0__Bacteria;D_1__Bacteroidetes;D_2__Bacteroidia;D_3__Bacteroidales;D_4__Paludibacteraceae	0	0	0	0	0	0	0	0	0	0	0	0	0	0	0	0	0	0	0	0	0	0	0	0	0	0	0	0	0	0	0	0	0	0	0	0	0	0	0	0	0	0	0	0	0.045662100456621	0	0	0	0	0	0
D_0__Bacteria;D_1__Firmicutes;D_2__Bacilli;D_3__Bacillales;D_4__Listeriaceae	0	0	0	0	0	0	0	0	0	0	0	0	0	0	0	0	0	0	0	0	0	0	0	0	0	0	0	0	0	0	0	0	0	0	0	0	0	0	0	0	0	0	0	0	0	0	0	0	0	0	0.103500761035008
D_0__Bacteria;D_1__Proteobacteria;D_2__Alphaproteobacteria;D_3__Elsterales;D_4__uncultured	0	0.00778816199376947	0	0	0	0	0	0	0	0	0	0	0	0	0	0	0	0	0	0	0.00193298969072165	0	0	0	0	0	0	0	0	0	0	0	0	0	0	0	0	0	0	0	0	0	0	0	0	0	0	0	0	0	0
D_0__Bacteria;D_1__Dependentiae;D_2__Babeliae;D_3__Babeliales;D_4__UBA12411	0	0	0	0	0	0	0	0	0.0237717908082409	0	0	0	0	0	0	0	0	0.0293501048218029	0	0	0	0	0	0	0	0	0	0	0	0	0	0	0	0	0	0	0	0	0	0	0	0	0	0	0	0	0	0	0	0	0
D_0__Bacteria;D_1__Bacteroidetes;D_2__Bacteroidia;D_3__Bacteroidales;D_4__Bacteroidaceae	0	0	0	0	0	0	0	0	0	0	0	0	0	0	0	0	0	0	0	0.0115295926210607	0	0	0	0	0	0	0	0	0	0	0	0	0	0	0	0	0	0	0	0	0	0	0	0	0	0	0	0	0	0	0
D_0__Bacteria;D_1__Actinobacteria;D_2__Thermoleophilia;D_3__uncultured;D_4__uncultured bacterium	0	0	0	0	0	0	0	0	0	0	0	0	0	0	0	0	0	0	0	0	0.00483247422680412	0	0	0.00134770889487871	0	0	0	0	0	0	0	0	0	0	0	0	0	0	0	0	0	0	0	0	0	0	0	0	0	0	0
D_0__Bacteria;D_1__Acidobacteria;D_2__Subgroup 22;D_3__uncultured bacterium;D_4__	0	0	0	0	0	0	0	0	0	0	0	0	0	0	0	0	0	0	0	0	0	0	0	0.00359389038634322	0	0	0	0	0	0	0	0	0	0	0	0	0	0	0	0	0	0	0	0	0	0	0	0	0	0	0
D_0__Bacteria;D_1__Proteobacteria;D_2__Gammaproteobacteria;D_3__Legionellales;D_4__Legionellaceae	0.00641907381934892	0	0	0	0	0	0	0	0	0	0	0	0	0	0	0	0	0	0	0	0	0	0	0	0	0	0	0	0	0	0	0	0	0	0	0	0	0	0	0	0	0	0	0	0	0	0	0	0	0	0
D_0__Bacteria;D_1__Patescibacteria;D_2__Parcubacteria;D_3__Candidatus Nomurabacteria;__	0	0.00726895119418484	0	0	0	0	0	0	0	0	0	0	0	0	0	0	0	0	0	0	0	0	0	0	0	0	0	0	0	0	0	0	0	0	0	0	0	0	0	0	0	0	0	0	0	0	0	0	0	0	0
D_0__Bacteria;D_1__Proteobacteria;D_2__Deltaproteobacteria;D_3__Myxococcales;D_4__Nannocystaceae	0	0	0	0	0	0	0	0	0	0	0	0.00328176277543366	0.0250447227191413	0	0	0	0	0	0	0	0	0	0	0	0	0	0	0	0	0	0	0	0	0	0	0	0	0	0	0	0	0	0	0	0	0	0	0	0	0	0
D_0__Bacteria;D_1__Gemmatimonadetes;D_2__S0134 terrestrial group;__;__	0	0	0	0	0	0	0	0	0	0	0	0	0	0.00990799716914367	0	0	0	0	0	0	0	0	0	0	0	0	0	0	0	0	0	0	0	0	0	0	0	0	0	0	0	0	0	0	0	0	0	0	0	0	0
D_0__Bacteria;D_1__Bacteroidetes;D_2__Bacteroidia;D_3__Sphingobacteriales;D_4__LiUU-11-161	0	0	0	0	0	0	0	0	0	0	0	0	0	0	0	0	0	0	0.00897435897435897	0	0	0	0	0	0	0	0	0	0	0	0	0	0	0	0	0	0	0	0	0	0	0	0	0	0	0	0	0	0	0	0
D_0__Bacteria;D_1__Acidobacteria;D_2__Subgroup 6;D_3__Acidobacteria bacterium WX90;D_4__	0	0	0	0	0	0	0	0	0	0	0	0	0	0	0	0	0	0	0	0	0	0	0	0	0	0	0	0	0	0	0	0	0	0	0	0	0	0	0	0	0	0	0	0	0	0	0	0.0213740458015267	0	0	0
D_0__Bacteria;D_1__Planctomycetes;D_2__Planctomycetacia;D_3__Isosphaerales;D_4__Isosphaeraceae	0	0	0	0	0	0	0	0	0	0	0	0	0	0	0	0	0	0	0	0	0.00128865979381443	0.00468975468975469	0	0.00269541778975741	0	0	0	0	0	0	0	0	0	0	0	0	0	0	0	0	0	0	0	0	0	0	0	0	0	0	0
D_0__Bacteria;D_1__Acidobacteria;D_2__Subgroup 5;D_3__uncultured Acidobacterium sp.;D_4__	0	0	0	0	0	0	0	0	0	0	0	0	0	0	0	0	0	0	0	0	0	0.00468975468975469	0	0	0	0.0145102781136638	0	0	0	0	0	0	0	0	0	0	0	0	0	0	0	0	0	0	0	0	0	0	0	0	0
D_0__Bacteria;D_1__Acidobacteria;D_2__Subgroup 6;D_3__uncultured bacterium 70;D_4__	0	0	0	0	0	0	0	0	0	0	0	0	0	0	0	0	0	0	0	0	0	0	0	0.00584007187780773	0	0	0	0	0	0	0	0	0	0	0	0	0	0	0	0	0	0	0	0	0	0	0	0	0	0	0
D_0__Bacteria;D_1__Actinobacteria;D_2__Acidimicrobiia;D_3__IMCC26256;D_4__uncultured Acidothermaceae bacterium	0	0	0	0	0	0	0	0	0	0	0	0	0	0	0	0	0	0	0	0	0	0	0	0	0	0	0	0	0	0	0	0	0	0	0	0	0	0	0	0	0	0.00764256319811875	0	0	0	0	0	0	0	0	0
D_0__Bacteria;D_1__Actinobacteria;D_2__Actinobacteria;D_3__Propionibacteriales;D_4__Propionibacteriaceae	0	0	0	0	0	0	0	0	0.0190174326465927	0	0	0	0	0	0	0	0	0	0	0	0	0	0.0180995475113122	0	0	0	0	0	0	0	0	0	0	0	0	0	0	0	0	0	0	0	0	0	0	0	0.00695249130938586	0	0	0	0
D_0__Bacteria;D_1__Proteobacteria;D_2__Deltaproteobacteria;D_3__Myxococcales;D_4__Myxococcaceae	0	0	0	0	0	0	0	0	0	0	0	0	0	0	0	0	0	0	0	0	0	0	0	0.00539083557951483	0	0	0	0	0	0	0	0	0	0	0	0	0	0	0	0	0	0	0	0	0	0	0	0	0	0	0
D_0__Bacteria;D_1__Proteobacteria;D_2__Deltaproteobacteria;D_3__PB19;D_4__uncultured bacterium	0	0	0	0	0	0	0	0	0	0	0	0	0	0	0	0	0	0	0	0	0	0	0	0	0	0	0	0	0	0	0	0	0	0	0	0	0	0	0	0	0	0	0	0	0	0	0.0139049826187717	0	0	0	0
D_0__Bacteria;D_1__Gemmatimonadetes;D_2__S0134 terrestrial group;D_3__uncultured bacterium;D_4__	0	0	0	0	0	0	0	0	0	0.0140127388535032	0	0	0	0	0	0	0	0	0	0	0	0	0	0	0	0	0	0	0	0	0	0	0	0	0	0	0	0	0	0	0	0	0	0	0	0	0	0	0	0	0
D_0__Bacteria;D_1__Actinobacteria;D_2__MB-A2-108;D_3__uncultured bacterium;D_4__	0	0	0	0	0.00381679389312977	0	0	0	0	0	0	0	0	0	0	0	0	0	0	0	0.00354381443298969	0	0	0	0	0	0	0	0	0	0	0	0	0	0	0	0	0	0	0	0	0	0	0	0	0	0	0	0	0	0
D_0__Bacteria;D_1__Proteobacteria;D_2__Deltaproteobacteria;D_3__Myxococcales;D_4__Polyangiaceae	0	0	0	0	0	0	0	0	0	0	0	0	0	0	0	0	0	0	0	0	0	0	0	0.00763701707097934	0	0	0	0	0	0	0	0	0	0	0	0	0	0	0	0	0	0	0	0	0	0	0	0	0	0	0
D_0__Bacteria;D_1__Proteobacteria;D_2__Deltaproteobacteria;D_3__Bdellovibrionales;D_4__Bacteriovoracaceae	0	0	0	0	0	0	0	0	0	0	0	0	0	0	0	0	0	0	0	0	0	0	0	0	0	0	0	0	0	0	0	0	0	0	0	0	0	0	0	0	0	0	0	0	0	0.00552208835341365	0	0	0	0	0
D_0__Bacteria;D_1__Gemmatimonadetes;D_2__BD2-11 terrestrial group;D_3__metagenome;D_4__	0	0	0	0	0	0	0	0	0	0	0	0	0	0	0	0	0	0	0	0	0	0	0	0.00134770889487871	0	0	0	0	0	0	0	0	0	0	0	0	0	0	0	0	0	0	0	0	0	0	0.0127462340672074	0	0	0	0
D_0__Bacteria;D_1__Elusimicrobia;D_2__Elusimicrobia;D_3__Lineage IV;D_4__uncultured bacterium	0	0	0	0	0	0	0	0	0	0.0127388535031847	0	0	0	0	0	0	0	0	0	0	0	0	0	0	0	0	0	0	0	0	0	0	0	0	0	0	0	0	0	0	0	0	0	0	0	0	0	0	0	0	0
D_0__Bacteria;D_1__Firmicutes;D_2__Clostridia;D_3__Clostridiales;D_4__Heliobacteriaceae	0	0	0	0	0	0	0	0	0	0	0	0.0046882325363338	0	0	0	0	0	0	0	0	0.000644329896907216	0	0	0.00179694519317161	0	0	0	0	0	0	0	0	0	0	0	0	0	0	0	0	0	0	0	0	0	0	0	0	0	0	0
D_0__Bacteria;D_1__Acidobacteria;D_2__Holophagae;D_3__Subgroup 7;D_4__uncultured bacterium	0	0	0	0	0	0	0	0	0	0	0	0.0046882325363338	0	0	0	0	0	0	0	0	0	0	0	0	0	0	0	0	0	0	0	0	0	0	0	0	0	0	0	0	0	0	0	0	0	0	0	0	0	0	0
D_0__Bacteria;D_1__Actinobacteria;D_2__Acidimicrobiia;__;__	0	0	0	0	0	0	0	0	0	0	0	0	0	0	0	0	0	0	0	0	0	0	0	0	0.0173010380622837	0	0	0	0	0	0	0	0	0	0	0	0	0	0	0	0	0	0	0	0	0	0	0	0	0	0
D_0__Archaea;D_1__Euryarchaeota;D_2__Methanobacteria;D_3__Methanobacteriales;D_4__Methanobacteriaceae	0	0	0	0	0	0	0	0	0.0142630744849445	0	0	0	0	0	0	0	0	0	0	0	0	0	0	0	0	0	0	0	0	0	0	0	0	0	0	0	0	0	0	0	0	0	0	0	0	0	0	0	0	0	0
D_0__Bacteria;D_1__Proteobacteria;D_2__Gammaproteobacteria;D_3__CCD24;D_4__uncultured gamma proteobacterium	0	0	0	0	0	0	0	0	0	0	0.00789473684210526	0	0	0	0	0	0	0	0	0	0	0	0	0	0	0	0	0	0	0	0	0	0	0	0	0	0	0	0	0	0	0	0	0	0	0	0	0	0	0	0
D_0__Bacteria;D_1__Proteobacteria;D_2__Alphaproteobacteria;D_3__uncultured;D_4__uncultured Rhodospirillales bacterium	0	0	0	0	0	0	0	0	0	0	0	0	0	0	0	0	0	0	0.00576923076923077	0	0	0	0	0	0	0	0	0	0	0	0	0	0	0	0	0	0	0	0	0	0	0	0	0	0	0	0	0	0	0	0
D_0__Bacteria;D_1__Actinobacteria;D_2__Actinobacteria;D_3__Bifidobacteriales;D_4__Bifidobacteriaceae	0	0	0	0	0	0	0	0	0	0	0	0	0	0	0	0	0	0	0	0	0	0.00324675324675325	0	0	0	0	0	0	0	0	0	0	0	0	0	0	0	0	0	0	0	0	0	0	0	0	0	0	0	0	0
D_0__Bacteria;D_1__Actinobacteria;D_2__Actinobacteria;__;__	0.000917010545621275	0	0	0	0	0	0	0	0	0	0	0	0	0	0	0	0	0	0	0	0	0.00324675324675325	0	0	0	0	0	0	0	0	0	0	0	0	0	0	0	0	0	0	0	0	0	0	0	0	0	0	0	0	0
D_0__Bacteria;D_1__Latescibacteria;D_2__metagenome;D_3__;D_4__	0	0	0	0	0	0	0	0	0	0	0	0	0	0	0	0	0	0	0	0	0	0	0	0.00359389038634322	0	0	0	0	0	0	0	0	0	0	0	0	0	0	0	0	0	0	0	0	0	0	0	0	0	0	0
D_0__Bacteria;D_1__Actinobacteria;D_2__Actinobacteria;D_3__Micrococcales;D_4__Dermabacteraceae	0	0	0	0	0	0	0.0119453924914676	0	0	0	0	0	0	0	0	0	0	0	0	0	0	0	0	0	0	0	0	0	0	0	0	0	0	0	0	0	0	0	0	0	0	0	0	0	0	0	0	0	0	0	0
D_0__Bacteria;D_1__Proteobacteria;D_2__Deltaproteobacteria;D_3__Myxococcales;D_4__Vulgatibacteraceae	0	0	0	0	0	0	0	0	0	0	0	0.00328176277543366	0	0	0	0	0	0	0	0	0	0	0	0	0	0	0	0	0	0	0	0	0	0	0	0	0	0	0	0	0	0	0	0	0	0	0	0	0	0	0
D_0__Bacteria;D_1__Proteobacteria;D_2__Gammaproteobacteria;D_3__EPR3968-O8a-Bc78;D_4__uncultured gamma proteobacterium	0	0	0	0	0	0	0	0	0	0	0	0.00328176277543366	0	0	0	0	0	0	0	0	0.00128865979381443	0	0	0	0	0	0	0	0	0	0	0	0	0	0	0	0	0	0	0	0	0	0	0	0	0	0	0	0	0	0
D_0__Bacteria;D_1__Latescibacteria;D_2__uncultured bacterium;D_3__;D_4__	0	0	0	0	0	0	0	0	0	0	0	0	0	0	0	0	0	0	0	0	0.00193298969072165	0	0	0	0	0	0	0	0	0	0	0	0	0	0	0	0	0	0	0	0	0	0	0	0	0	0	0	0	0	0
D_0__Bacteria;D_1__Fibrobacteres;D_2__Fibrobacteria;D_3__Fibrobacterales;D_4__Fibrobacteraceae	0	0	0	0	0	0	0	0	0	0	0	0	0	0	0	0	0	0	0	0	0.00193298969072165	0	0	0.00179694519317161	0	0	0	0	0	0	0	0	0	0	0	0	0	0	0	0	0	0	0	0	0	0	0	0	0	0	0
D_0__Bacteria;D_1__Elusimicrobia;D_2__Lineage IIa;D_3__uncultured bacterium;D_4__	0	0	0	0	0	0	0	0	0	0	0	0	0	0	0	0	0	0	0	0	0.00193298969072165	0	0	0	0	0	0	0	0	0	0	0	0	0	0	0	0	0	0	0	0	0	0	0	0	0	0	0	0	0	0
D_0__Bacteria;D_1__Chloroflexi;D_2__OLB14;D_3__metagenome;D_4__	0	0	0	0	0	0	0	0	0	0	0	0	0	0	0	0	0	0	0	0	0	0	0	0.00269541778975741	0	0	0	0	0	0	0	0	0	0	0	0	0	0	0	0	0	0	0	0	0	0	0	0	0	0	0
D_0__Bacteria;D_1__Acidobacteria;D_2__Acidobacteriia;D_3__Acidobacteriales;D_4__uncultured	0	0	0	0	0	0	0	0	0	0	0	0.0023441162681669	0	0	0	0	0	0	0	0	0	0	0	0.000898472596585804	0	0	0	0	0	0	0	0	0	0	0	0	0	0	0	0	0	0.00352733686067019	0	0	0	0	0	0	0	0	0
D_0__Bacteria;D_1__Proteobacteria;D_2__Deltaproteobacteria;D_3__NB1-j;D_4__uncultured bacterium	0	0	0	0	0	0	0	0	0	0	0	0.0023441162681669	0	0	0	0	0	0	0	0	0	0	0	0.00179694519317161	0	0	0	0	0	0	0	0	0	0	0	0	0	0	0	0	0	0	0	0	0	0	0	0	0	0	0
D_0__Bacteria;D_1__Proteobacteria;D_2__Deltaproteobacteria;D_3__Oligoflexales;D_4__Oligoflexaceae	0	0	0	0	0	0	0	0	0	0	0	0.0023441162681669	0	0	0	0	0	0	0	0	0	0	0	0	0	0	0	0	0	0	0	0.00397614314115308	0	0	0	0	0	0	0	0	0	0	0	0	0	0	0	0	0	0	0
D_0__Bacteria;D_1__Chloroflexi;D_2__Anaerolineae;D_3__RBG-13-54-9;D_4__uncultured sludge bacterium A31	0	0	0	0	0	0	0	0	0	0	0	0	0	0	0	0	0	0	0	0	0.00161082474226804	0	0	0	0	0	0	0	0	0	0	0	0	0	0	0	0	0	0	0	0	0	0	0	0	0	0	0	0	0	0
D_0__Bacteria;D_1__Acidobacteria;D_2__Acidobacteriia;D_3__Subgroup 2;D_4__uncultured Acidobacteria bacterium	0	0	0	0	0	0	0	0	0	0	0	0	0	0	0	0	0	0	0	0	0	0	0	0	0	0	0	0	0	0	0	0	0	0	0	0	0	0	0	0	0	0.00293944738389183	0	0	0	0	0	0	0	0	0
D_0__Bacteria;D_1__Actinobacteria;D_2__Actinobacteria;D_3__Frankiales;D_4__Cryptosporangiaceae	0	0	0	0	0	0	0	0	0	0	0	0	0	0	0	0	0	0	0	0	0	0	0	0	0	0	0	0	0	0	0	0	0	0	0	0	0	0	0	0	0	0	0	0	0	0	0	0.00763358778625954	0	0	0
D_0__Bacteria;D_1__Proteobacteria;D_2__Deltaproteobacteria;D_3__Desulfuromonadales;D_4__Geobacteraceae	0	0	0	0	0	0	0	0	0	0	0	0	0	0	0	0	0	0	0	0	0.00128865979381443	0	0	0	0	0	0	0	0	0	0	0	0	0	0	0	0	0	0	0	0	0	0	0	0	0	0	0	0	0	0
D_0__Bacteria;D_1__Chloroflexi;D_2__Anaerolineae;D_3__SBR1031;D_4__uncultured Caldilineaceae bacterium	0	0	0	0	0	0	0	0	0	0	0	0	0	0	0	0	0	0	0	0	0	0	0	0.00179694519317161	0	0	0	0	0	0	0	0	0	0	0	0	0	0	0	0	0	0	0	0	0	0	0	0	0	0	0
D_0__Bacteria;D_1__Proteobacteria;D_2__Deltaproteobacteria;D_3__Myxococcales;D_4__Archangiaceae	0	0	0	0	0	0	0	0	0	0	0	0	0	0	0	0	0	0	0	0	0	0	0	0	0	0	0	0	0	0	0	0	0	0	0	0	0	0	0	0	0	0.00235155790711346	0	0	0	0	0	0	0	0	0
D_0__Bacteria;D_1__Proteobacteria;D_2__Gammaproteobacteria;D_3__R7C24;__	0	0	0	0	0	0	0	0	0	0	0	0	0	0	0	0	0	0	0	0	0	0	0	0	0	0	0	0	0	0	0	0	0	0	0	0	0	0	0	0	0	0	0	0	0	0	0	0.00610687022900763	0	0	0
D_0__Bacteria;D_1__Actinobacteria;D_2__Actinobacteria;D_3__Glycomycetales;D_4__Glycomycetaceae	0	0	0	0	0	0	0	0	0	0	0	0.00140646976090014	0	0	0	0	0	0	0	0	0.000966494845360825	0	0	0	0	0	0	0	0	0	0	0	0	0	0	0	0	0	0	0	0	0	0	0	0	0	0	0	0	0	0
D_0__Bacteria;D_1__Proteobacteria;D_2__Deltaproteobacteria;D_3__Myxococcales;D_4__FFCH16767	0	0	0	0	0	0	0	0	0	0	0	0.00140646976090014	0	0	0	0	0	0	0	0	0	0	0	0	0	0	0	0	0	0	0	0	0	0	0	0	0	0	0	0	0	0	0	0	0	0	0	0	0	0	0
D_0__Bacteria;D_1__Acidobacteria;D_2__Subgroup 18;D_3__uncultured bacterium;D_4__	0	0	0	0	0	0	0	0	0	0	0	0	0	0	0	0	0	0	0	0	0.000966494845360825	0	0	0	0	0	0	0	0	0	0	0	0	0	0	0	0	0	0	0	0	0	0	0	0	0	0	0	0	0	0
D_0__Bacteria;D_1__Chloroflexi;D_2__Anaerolineae;D_3__SBR1031;D_4__uncultured soil bacterium	0	0	0	0	0	0	0	0	0	0	0	0	0	0	0	0	0	0	0	0	0	0	0	0.00134770889487871	0	0	0	0	0	0	0	0	0	0	0	0	0	0	0	0	0	0	0	0	0	0	0	0	0	0	0
D_0__Bacteria;D_1__Proteobacteria;D_2__Alphaproteobacteria;D_3__uncultured;D_4__uncultured Rhodospirillaceae bacterium	0	0	0	0	0	0	0	0	0	0	0	0	0	0	0	0	0	0	0	0	0	0	0	0	0	0	0	0	0	0	0	0	0	0	0	0	0	0	0	0.00467289719626168	0	0	0	0	0	0	0	0	0	0	0
D_0__Bacteria;D_1__Acidobacteria;D_2__Subgroup 6;D_3__uncultured bacterium 259;D_4__	0	0	0	0	0	0	0	0	0	0	0	0	0	0	0	0	0	0	0	0	0	0	0	0	0	0	0	0	0	0	0	0	0	0	0	0	0	0	0	0	0	0.0017636684303351	0	0	0	0	0	0	0	0	0
D_0__Bacteria;D_1__Proteobacteria;D_2__Gammaproteobacteria;D_3__Salinisphaerales;D_4__Solimonadaceae	0	0	0	0	0	0	0	0	0	0	0	0	0	0	0	0	0	0	0	0	0	0	0	0	0	0	0	0	0	0	0	0	0	0	0	0	0	0	0	0	0	0.0017636684303351	0	0	0	0	0	0	0	0	0
D_0__Bacteria;D_1__Actinobacteria;D_2__Actinobacteria;D_3__Frankiales;D_4__Nakamurellaceae	0	0	0	0	0	0	0	0	0	0	0	0	0	0	0	0	0	0	0	0	0	0	0	0	0	0	0	0	0	0	0	0	0	0	0	0	0	0	0	0	0	0.0017636684303351	0	0	0	0	0	0	0	0	0
D_0__Bacteria;D_1__Acidobacteria;D_2__Acidobacteriia;D_3__Acidobacteriales;D_4__Koribacteraceae	0	0	0	0	0	0	0	0	0	0	0	0	0	0	0	0	0	0	0	0	0	0	0	0	0	0	0	0	0	0	0	0	0	0	0	0	0	0	0	0	0	0	0.00746268656716418	0	0	0	0	0	0	0	0
D_0__Bacteria;D_1__Acidobacteria;D_2__Subgroup 6;D_3__Unknown Order;D_4__Unknown Family	0	0	0	0.00277392510402219	0	0	0	0	0	0	0	0	0	0	0	0	0	0	0	0	0	0	0	0	0	0	0	0	0	0	0	0	0	0	0	0	0	0	0	0	0	0	0	0	0	0	0	0	0	0	0
D_0__Bacteria;D_1__Proteobacteria;D_2__Alphaproteobacteria;D_3__Rhodospirillales;D_4__uncultured	0	0	0	0.00277392510402219	0	0	0	0	0	0	0	0	0	0	0	0	0	0	0	0	0	0	0	0	0	0	0	0	0	0	0	0	0	0	0	0	0	0	0	0	0	0	0	0	0	0	0	0	0	0	0
D_0__Bacteria;D_1__Chloroflexi;D_2__OLB14;__;__	0	0	0	0	0.00254452926208651	0	0	0	0	0	0	0	0	0	0	0	0	0	0	0	0	0	0	0	0	0	0	0	0	0	0	0	0	0	0	0	0	0	0	0	0	0	0	0	0	0	0	0	0	0	0
D_0__Bacteria;D_1__Planctomycetes;D_2__Planctomycetacia;D_3__Planctomycetales;D_4__Gimesiaceae	0	0	0	0	0	0	0	0	0.00316957210776545	0	0	0	0	0	0	0	0	0	0	0	0	0	0	0	0	0	0	0	0	0	0	0	0	0	0	0	0	0	0	0	0	0	0	0	0	0	0	0	0	0	0
D_0__Bacteria;D_1__Proteobacteria;D_2__Alphaproteobacteria;D_3__Thalassobaculales;D_4__uncultured	0	0	0	0	0	0	0	0	0	0	0.00175438596491228	0	0	0	0	0	0	0	0	0	0	0	0	0	0	0	0	0	0	0	0	0	0	0	0	0	0	0	0	0	0	0	0	0	0	0	0	0	0	0	0
D_0__Bacteria;D_1__Proteobacteria;D_2__Gammaproteobacteria;D_3__R7C24;D_4__uncultured bacterium	0	0	0	0	0	0	0	0	0	0	0	0	0	0	0	0	0	0	0.00128205128205128	0	0	0	0	0	0	0	0	0	0	0	0	0	0	0	0	0	0	0	0	0	0	0	0	0	0	0	0	0	0	0	0
D_0__Bacteria;D_1__Chlamydiae;D_2__Chlamydiae;D_3__Chlamydiales;D_4__cvE6	0	0	0	0	0	0	0	0	0	0	0	0	0	0	0	0	0	0	0	0	0.000644329896907216	0	0	0	0	0	0	0	0	0	0	0	0	0	0	0	0	0	0	0	0	0	0	0	0	0	0	0	0	0	0
D_0__Bacteria;D_1__Bacteroidetes;D_2__Bacteroidia;D_3__Sphingobacteriales;D_4__KD3-93	0	0	0	0	0	0	0	0	0	0	0	0	0	0	0	0	0	0	0	0	0.000644329896907216	0	0	0	0	0	0	0	0	0	0	0	0	0	0	0	0	0	0	0	0	0	0	0	0	0	0	0	0	0	0
D_0__Bacteria;D_1__Tenericutes;D_2__Mollicutes;D_3__Izimaplasmatales;D_4__uncultured bacterium	0	0	0	0	0	0	0	0	0	0	0	0	0	0	0	0	0	0	0	0	0.000644329896907216	0	0	0	0	0	0	0	0	0	0	0	0	0	0	0	0	0	0	0	0	0	0	0	0	0	0	0	0	0	0
D_0__Bacteria;D_1__Firmicutes;D_2__Clostridia;D_3__Clostridiales;D_4__Ruminococcaceae	0	0	0	0	0	0	0	0	0	0	0	0	0	0	0	0	0	0	0	0	0	0	0	0.000898472596585804	0	0	0	0	0	0	0	0	0	0	0	0	0	0	0	0	0	0	0	0	0	0	0	0	0	0	0
D_0__Bacteria;D_1__WPS-2;D_2__metagenome;D_3__;D_4__	0	0	0	0	0	0	0	0	0	0	0	0	0	0	0	0	0	0	0	0	0	0	0	0.000898472596585804	0	0	0	0	0	0	0	0	0	0	0	0	0	0	0	0	0	0	0	0	0	0	0	0	0	0	0
D_0__Bacteria;D_1__Proteobacteria;D_2__Gammaproteobacteria;__;__	0	0	0	0	0	0	0	0	0	0	0	0	0	0	0	0	0	0	0	0	0	0	0	0	0	0	0.00178571428571429	0	0	0	0	0	0	0	0	0	0	0	0	0	0	0	0	0	0	0	0	0	0	0	0
D_0__Bacteria;D_1__Chloroflexi;D_2__Ktedonobacteria;D_3__C0119;D_4__uncultured bacterium	0	0	0	0	0	0	0	0	0	0	0	0	0	0	0	0	0	0	0	0	0	0	0	0	0	0	0	0	0	0	0	0	0	0	0	0	0	0	0	0.00311526479750779	0	0	0	0	0	0	0	0	0	0	0
D_0__Bacteria;D_1__Cyanobacteria;D_2__Sericytochromatia;__;__	0	0	0	0	0	0	0	0	0	0	0	0	0	0	0	0	0	0	0	0	0	0	0	0	0	0	0	0	0	0	0	0	0	0	0	0	0	0	0	0.00311526479750779	0	0	0	0	0	0	0	0	0	0	0
D_0__Bacteria;D_1__Proteobacteria;D_2__Deltaproteobacteria;D_3__MBNT15;D_4__uncultured Desulfuromonadales bacterium	0	0	0	0	0	0	0	0	0	0	0	0	0	0	0	0	0	0	0	0	0	0	0	0	0	0	0	0	0	0	0	0	0	0	0	0	0	0	0	0	0.00248447204968944	0	0	0	0	0	0	0	0	0	0
D_0__Bacteria;D_1__Chloroflexi;D_2__Anaerolineae;D_3__RBG-13-54-9;__	0	0	0	0	0	0	0	0	0	0	0	0	0	0	0	0	0	0	0	0	0	0	0	0	0	0	0	0	0	0	0	0	0	0	0	0	0	0	0	0	0	0.00117577895355673	0	0	0	0	0	0	0	0	0
D_0__Bacteria;D_1__Firmicutes;D_2__Bacilli;__;__	0	0	0	0	0	0	0	0	0	0	0	0	0	0	0	0	0	0	0	0	0	0	0	0	0	0	0	0	0	0	0	0	0	0	0	0	0	0	0	0	0	0.00117577895355673	0	0	0	0	0	0	0	0	0
D_0__Bacteria;D_1__Bacteroidetes;D_2__Bacteroidia;D_3__Sphingobacteriales;D_4__env.OPS 17	0	0	0	0	0	0	0	0	0	0	0	0	0	0	0	0	0	0	0	0	0	0	0	0	0	0	0	0	0	0	0	0	0	0	0	0	0	0	0	0	0	0.00117577895355673	0	0	0	0	0	0	0	0	0
D_0__Bacteria;D_1__Chloroflexi;D_2__TK10;D_3__uncultured bacterium;D_4__	0	0	0	0	0	0	0	0	0	0	0	0	0	0	0	0	0	0	0	0	0	0	0	0	0	0	0	0	0	0	0	0	0	0	0	0	0	0	0	0	0	0	0	0.00128865979381443	0	0	0	0	0	0	0
D_0__Bacteria;D_1__Actinobacteria;__;__;__	0	0	0	0	0	0	0	0	0	0	0	0	0	0	0	0	0	0	0	0	0	0	0	0	0	0	0	0	0	0	0	0	0	0	0	0	0	0	0	0	0	0	0	0	0.00182648401826484	0	0	0	0	0	0
D_0__Bacteria;D_1__Dependentiae;D_2__Babeliae;D_3__Babeliales;D_4__Vermiphilaceae	0	0	0	0	0	0	0	0	0	0	0	0	0	0	0	0	0	0	0	0	0	0	0	0	0	0	0	0	0	0	0	0	0	0	0	0	0	0	0	0	0	0	0	0	0	0	0	0	0	0	0.0030441400304414
