ZG.1	ZG.10	ZG.11	ZG.12	ZG.13	ZG.14	ZG.15	ZG.16	ZG.17	ZG.18	ZG.19	ZG.2	ZG.20	ZG.21	ZG.22	ZG.23	ZG.24	ZG.25	ZG.26	ZG.27	ZG.28	ZG.29	ZG.3	ZG.30	ZG.31	ZG.32	ZG.35	ZG.36	ZG.37	ZG.38	ZG.39	ZG.4	ZG.40	ZG.41	ZG.42	ZG.43	ZG.44	ZG.45	ZG.46	ZG.47	ZG.48	ZG.49	ZG.5	ZG.50	ZG.51	ZG.52	ZG.6	ZG.7	ZG.8	ZG.9	zymo_pos_ct
D_0__Bacteria;D_1__Proteobacteria	0.765927977839335	0.438162544169611	0.37660485021398	0.416510318949343	0.678456591639871	1	0.74331550802139	0.485714285714286	0.615176151761518	0.807339449541284	0.569678407350689	0.457025218733917	0.801556420233463	0.382575757575758	NA	0.587096774193548	0	0.764957264957265	0.386238532110092	0	0.396402398401066	0.274809160305344	0	0.297596153846154	1	0.589371980676328	0.575813953488372	1	0.568807339449541	0.752380952380952	0.342227378190255	0	1	0.534351145038168	0.596036585365854	0.996370235934664	1	1	1	0.994871794871795	1	0.975983989326217	0	1	0.3184165232358	0.419525065963061	0.468036529680365	0.573333333333333	0	1	0.314475873544093
D_0__Bacteria;D_1__Firmicutes	0	0	0	0.551594746716698	0	0	0	0.50989010989011	0	0	0	0	0	0	NA	0	0	0	0.230275229357798	0.469827586206897	0	0.132426153335546	0.67379679144385	0	0	0	0.424186046511628	0	0.423547400611621	0.247619047619048	0.648491879350348	0	0	0.465648854961832	0.271341463414634	0	0	0	0	0	0	0	0	0	0	0	0	0	0	0	0.682196339434276
D_0__Bacteria;D_1__Actinobacteria	0.205909510618652	0	0.439372325249643	0	0	0	0	0	0	0	0	0.191456510550695	0	0	NA	0	0	0	0	0	0.258827448367755	0.212080982409559	0	0.269711538461538	0	0	0	0	0	0	0	0	0	0	0.132621951219512	0	0	0	0	0	0	0	0	0	0	0.167985927880387	0	0	0	0	0
D_0__Bacteria;D_1__Chloroflexi	0	0.154593639575972	0.0955777460770328	0.0206378986866792	0.0385852090032154	0	0.245989304812834	0	0	0	0.162327718223583	0.131240349974267	0.0544747081712062	0.0378787878787879	NA	0	0	0	0.0440366972477064	0.0933908045977011	0.0849433710859427	0.092266843677398	0	0.128365384615385	0	0.164251207729469	0	0	0.00764525993883792	0	0.00928074245939675	0	0	0	0	0	0	0	0	0.00512820512820513	0	0.0213475650433622	0.641304347826087	0	0.103270223752151	0.0897097625329815	0.093607305936073	0.106666666666667	0	0	0
D_0__Bacteria;D_1__Acidobacteria	0	0.25	0	0	0	0	0	0	0	0	0	0.135357694287185	0	0	NA	0	0	0	0	0	0.162225183211193	0.146033853302356	0	0.19375	0	0	0	0	0	0	0	0	0	0	0	0	0	0	0	0	0	0	0	0	0	0.100263852242744	0	0	0.785714285714286	0	0
D_0__Bacteria;D_1__Patescibacteria	0	0.0123674911660777	0.0884450784593438	0.0075046904315197	0.0707395498392283	0	0	0.0043956043956044	0	0	0	0.00411734431291817	0	0	NA	0	0.0983606557377049	0	0.0568807339449541	0.112068965517241	0	0.00829737802854298	0.155080213903743	0	0	0	0	0	0	0	0	0.0303030303030303	0	0	0	0	0	0	0	0	0	0	0	0	0	0	0.125570776255708	0.16	0.214285714285714	0	0
D_0__Bacteria;D_1__Gemmatimonadetes	0	0	0	0	0	0	0	0	0	0	0.0980091883614089	0	0	0	NA	0	0.622950819672131	0	0.0256880733944954	0	0.0203197868087941	0	0	0.00913461538461539	0	0	0	0	0	0	0	0	0	0	0	0	0	0	0	0	0	0	0	0	0	0.0255057167985928	0.0867579908675799	0	0	0	0
D_0__Bacteria;D_1__Rokubacteria	0	0	0	0	0	0	0	0	0	0	0	0.0159547092125579	0	0.0606060606060606	NA	0	0.278688524590164	0	0	0	0.0189873417721519	0.00829737802854298	0	0.0302884615384615	0	0	0	0	0	0	0	0	0	0	0	0	0	0	0	0	0	0	0	0	0	0	0	0	0	0	0
D_0__Bacteria;D_1__Elusimicrobia	0	0	0	0	0	0	0	0	0.165311653116531	0.018348623853211	0	0	0	0.130681818181818	NA	0	0	0	0	0	0.00199866755496336	0	0	0	0	0.246376811594203	0	0	0	0	0	0	0	0	0	0	0	0	0	0	0	0	0.358695652173913	0	0	0	0	0	0	0	0
D_0__Bacteria;D_1__Bacteroidetes	0.0281625115420129	0	0	0	0	0	0	0	0	0.102752293577982	0	0.0226453937210499	0	0	NA	0.348387096774194	0	0.175213675213675	0.256880733944954	0.300287356321839	0	0.0285429804181879	0	0	0	0	0	0	0	0	0	0	0	0	0	0	0	0	0	0	0	0	0	0	0.290877796901893	0.0659630606860158	0	0	0	0	0
D_0__Bacteria;D_1__Planctomycetes	0	0	0	0	0.212218649517685	0	0	0	0.154471544715447	0.0715596330275229	0	0.0226453937210499	0	0.200757575757576	NA	0	0	0	0	0	0.0169886742171885	0.0600730169266512	0.171122994652406	0.0346153846153846	0	0	0	0	0	0	0	0	0	0	0	0	0	0	0	0	0	0	0	0	0.287435456110155	0.131046613896218	0.171232876712329	0	0	0	0
D_0__Bacteria;D_1__Latescibacteria	0	0.0450530035335689	0	0	0	0	0	0	0	0	0	0.00205867215645908	0	0	NA	0	0	0	0	0	0.00199866755496336	0	0	0.00384615384615385	0	0	0	0	0	0	0	0	0	0	0	0	0	0	0	0	0	0	0	0	0	0	0	0.0133333333333333	0	0	0
D_0__Archaea;D_1__Thaumarchaeota	0	0.0212014134275618	0	0.00375234521575985	0	0	0	0	0	0	0.0765696784073507	0	0	0.0359848484848485	NA	0	0	0	0	0	0.00732844770153231	0	0	0	0	0	0	0	0	0	0	0	0	0	0	0	0	0	0	0	0	0	0	0	0	0	0	0	0	0	0
D_0__Bacteria;D_1__Nitrospirae	0	0	0	0	0	0	0	0	0	0	0.0520673813169985	0.0128667009778693	0	0.0909090909090909	NA	0	0	0	0	0.0244252873563218	0.0119920053297801	0.00564221705940923	0	0.0225961538461538	0	0	0	0	0	0	0	0	0	0	0	0	0	0	0	0	0	0.00266844563042028	0	0	0	0	0	0	0	0	0
D_0__Bacteria;D_1__Verrucomicrobia	0	0.0220848056537102	0	0	0	0	0	0	0	0	0	0.00463201235203294	0	0.0606060606060606	NA	0	0	0	0	0	0.0146568954030646	0.0225688682376369	0	0.00721153846153846	0	0	0	0	0	0	0	0.96969696969697	0	0	0	0	0	0	0	0	0	0	0	0	0	0	0.0547945205479452	0	0	0	0
D_0__Archaea;D_1__Euryarchaeota	0	0.034452296819788	0	0	0	0	0	0	0.024390243902439	0	0	0	0	0	NA	0	0	0	0	0	0	0	0	0	0	0	0	0	0	0	0	0	0	0	0	0	0	0	0	0	0	0	0	0	0	0	0	0	0	0	0
D_0__Bacteria;__	0	0	0	0	0	0	0	0	0	0	0	0	0	0	NA	0.0645161290322581	0	0	0	0	0	0	0	0	0	0	0	0	0	0	0	0	0	0	0	0.00362976406533575	0	0	0	0	0	0	0	0	0	0	0	0.146666666666667	0	0	0
D_0__Bacteria;D_1__Spirochaetes	0	0	0	0	0	0	0	0	0	0	0	0	0.11284046692607	0	NA	0	0	0	0	0	0	0	0	0	0	0	0	0	0	0	0	0	0	0	0	0	0	0	0	0	0	0	0	0	0	0	0	0	0	0	0
D_0__Bacteria;D_1__Deinococcus-Thermus	0	0	0	0	0	0	0.0106951871657754	0	0	0	0.0413476263399694	0	0.0311284046692607	0	NA	0	0	0	0	0	0	0	0	0	0	0	0	0	0	0	0	0	0	0	0	0	0	0	0	0	0	0	0	0	0	0	0	0	0	0	0
D_0__Bacteria;D_1__Chlamydiae	0	0.0220848056537102	0	0	0	0	0	0	0	0	0	0	0	0	NA	0	0	0	0	0	0.000666222518321119	0.00896116827082642	0	0	0	0	0	0	0	0	0	0	0	0	0	0	0	0	0	0	0	0	0	0	0	0	0	0	0	0	0
D_0__Bacteria;D_1__Dependentiae	0	0	0	0	0	0	0	0	0.040650406504065	0	0	0	0	0	NA	0	0	0.0598290598290598	0	0	0	0	0	0	0	0	0	0	0	0	0	0	0	0	0	0	0	0	0	0	0	0	0	0	0	0	0	0	0	0	0.00332778702163062
D_0__Bacteria;D_1__Fibrobacteres	0	0	0	0	0	0	0	0	0	0	0	0	0	0	NA	0	0	0	0	0	0.00199866755496336	0	0	0.00192307692307692	0	0	0	0	0	0	0	0	0	0	0	0	0	0	0	0	0	0	0	0	0	0	0	0	0	0	0
D_0__Bacteria;D_1__Tenericutes	0	0	0	0	0	0	0	0	0	0	0	0	0	0	NA	0	0	0	0	0	0.000666222518321119	0	0	0	0	0	0	0	0	0	0	0	0	0	0	0	0	0	0	0	0	0	0	0	0	0	0	0	0	0	0
D_0__Bacteria;D_1__WPS-2	0	0	0	0	0	0	0	0	0	0	0	0	0	0	NA	0	0	0	0	0	0	0	0	0.000961538461538462	0	0	0	0	0	0	0	0	0	0	0	0	0	0	0	0	0	0	0	0	0	0	0	0	0	0	0
